41.879063 -87.656924
41.879281 -87.644981
41.879283 -87.643956

41.874362 -87.644749
41.874512 -87.643917
41.879283 -87.643956

41.879283 -87.643956
41.879504 -87.642829
41.879421 -87.642071
41.878520 -87.642512
41.877702 -87.642453

41.879283 -87.643956
41.879492 -87.644069
41.881663 -87.644191
41.881832 -87.644048
41.881712 -87.642569

41.879283 -87.643956
41.879304 -87.641061

41.876417 -87.657038
41.876483 -87.657131
41.878647 -87.657109
41.879063 -87.656924

41.876500 -87.666792
41.878674 -87.666818
41.878866 -87.666706
41.879063 -87.656924

41.874419 -87.642400
41.874399 -87.641195
41.875151 -87.641017
41.877390 -87.641131
41.877750 -87.641017

41.877702 -87.642453
41.877602 -87.642260
41.877750 -87.641017

41.877750 -87.641017
41.878346 -87.640831
41.878920 -87.640873
41.879304 -87.641061

41.875375 -87.657055
41.876417 -87.657038

41.875220 -87.651841
41.876045 -87.651762
41.876446 -87.651838
41.876524 -87.656572
41.876417 -87.657038

41.875404 -87.666737
41.876500 -87.666792

41.875375 -87.657055
41.875293 -87.657082
41.875422 -87.659582

41.875422 -87.659582
41.875444 -87.661276

41.875220 -87.651841
41.875462 -87.656560
41.875375 -87.657055

41.874217 -87.656669
41.874581 -87.656967
41.875375 -87.657055

41.875404 -87.666737
41.875259 -87.679809
41.875258 -87.686143

41.875258 -87.686143
41.873636 -87.686190

41.875368 -87.664919
41.875404 -87.666737

41.874212 -87.666537
41.874431 -87.666714
41.875404 -87.666737

41.875431 -87.663095
41.875368 -87.664919

41.875444 -87.661276
41.875431 -87.663095

41.874217 -87.656669
41.874328 -87.656110
41.874389 -87.651904
41.875220 -87.651841

41.864406 -87.645007
41.864339 -87.644734
41.868710 -87.645029
41.871001 -87.645402
41.872544 -87.645773
41.873990 -87.645969
41.874683 -87.646498
41.874978 -87.647066
41.875196 -87.649230
41.875220 -87.651841

41.874178 -87.668803
41.874212 -87.666537

41.874178 -87.668803
41.873975 -87.669560
41.873969 -87.670675
41.873859 -87.671301
41.873629 -87.671453
41.871871 -87.671437
41.871547 -87.671521

41.871548 -87.669183
41.874178 -87.668803

41.874212 -87.666537
41.874234 -87.662208
41.874315 -87.659014
41.874217 -87.656669

41.874255 -87.647330
41.874373 -87.649003
41.874217 -87.656669

41.874217 -87.656669
41.871686 -87.656816
41.869462 -87.656747

41.874212 -87.666537
41.872217 -87.666463

41.874419 -87.642400
41.874362 -87.644749

41.874419 -87.642400
41.871653 -87.642273

41.877702 -87.642453
41.874876 -87.642448
41.874419 -87.642400

41.874255 -87.647330
41.874346 -87.646512
41.874362 -87.644749

41.869579 -87.647070
41.873660 -87.647156
41.874255 -87.647330

41.874362 -87.644749
41.874348 -87.644022
41.875001 -87.643846
41.876012 -87.643261
41.877159 -87.643213
41.877386 -87.643075
41.877702 -87.642453

41.871452 -87.676047
41.871720 -87.676356
41.873104 -87.676534
41.873777 -87.676929
41.874050 -87.677694
41.874051 -87.680204
41.873897 -87.684045
41.873880 -87.685797
41.873636 -87.686190

41.873636 -87.686190
41.869354 -87.686032
41.869026 -87.685752

41.872217 -87.666463
41.871718 -87.666554
41.871603 -87.667333
41.871548 -87.669183

41.872217 -87.666463
41.869619 -87.666332
41.869262 -87.666579

41.871548 -87.669183
41.871547 -87.671521

41.871547 -87.671521
41.871504 -87.673445

41.871547 -87.671521
41.869998 -87.671476

41.869268 -87.669037
41.871548 -87.669183

41.871548 -87.669183
41.870931 -87.670822
41.870433 -87.671408
41.869998 -87.671476

41.871504 -87.673445
41.871452 -87.676047

41.871504 -87.673445
41.869979 -87.672693
41.869845 -87.672461
41.869998 -87.671476

41.871504 -87.673445
41.871286 -87.673568
41.869255 -87.673430

41.871653 -87.642273
41.869784 -87.642277
41.869709 -87.642850

41.871452 -87.676047
41.871279 -87.676189
41.869515 -87.676110
41.869202 -87.675821

41.869998 -87.671476
41.869525 -87.670848
41.869425 -87.669760
41.869268 -87.669037

41.869262 -87.666579
41.869268 -87.669037

41.868629 -87.671528
41.869079 -87.671249
41.869010 -87.670261
41.869268 -87.669037

41.869268 -87.669037
41.866985 -87.668885

41.869255 -87.673430
41.869426 -87.673359
41.869998 -87.671476

41.869579 -87.647070
41.869709 -87.642850

41.869579 -87.647070
41.869522 -87.650074
41.869417 -87.651097

41.867421 -87.647031
41.869579 -87.647070

41.869462 -87.656747
41.869523 -87.651672
41.869417 -87.651097

41.869262 -87.666579
41.869462 -87.656747

41.869462 -87.656747
41.867475 -87.656641
41.867041 -87.656442

41.869417 -87.651097
41.867134 -87.651089

41.869026 -87.685752
41.869202 -87.675821

41.869202 -87.675821
41.869205 -87.674036
41.869255 -87.673430

41.869026 -87.685752
41.868936 -87.686029
41.866671 -87.685953
41.866601 -87.685447
41.866611 -87.683992

41.867041 -87.656442
41.866915 -87.661151
41.866967 -87.661494
41.869746 -87.661699
41.870111 -87.661906
41.873199 -87.662062
41.873358 -87.662213
41.873165 -87.663974
41.873053 -87.664198
41.872032 -87.664306
41.871720 -87.664582
41.871749 -87.666250
41.871595 -87.666396
41.869532 -87.666303
41.869262 -87.666579

41.869262 -87.666579
41.869102 -87.666332
41.866886 -87.666305

41.869255 -87.673430
41.869060 -87.673364
41.868629 -87.671528

41.866837 -87.671337
41.868629 -87.671528

41.867134 -87.651089
41.867248 -87.647594
41.867421 -87.647031

41.867421 -87.647031
41.865963 -87.646911
41.864969 -87.646860

41.867041 -87.656442
41.867134 -87.651089

41.866886 -87.666305
41.867041 -87.656442

41.867134 -87.651089
41.863597 -87.650923

41.866985 -87.668885
41.866899 -87.667447
41.866886 -87.666305

41.866985 -87.668885
41.866808 -87.669101
41.866837 -87.671337

41.866837 -87.671337
41.866789 -87.672268
41.866827 -87.673329

41.866787 -87.675911
41.866827 -87.673329

41.866813 -87.678595
41.866787 -87.675911

41.866684 -87.680967
41.866710 -87.679845
41.866813 -87.678595

41.866684 -87.680967
41.866653 -87.682408
41.866611 -87.683992

41.864406 -87.645007
41.864744 -87.645630
41.864591 -87.646169
41.864969 -87.646860

41.863037 -87.647129
41.863172 -87.646844
41.864969 -87.646860

41.863597 -87.650923
41.863011 -87.650873
41.862574 -87.650640
41.862690 -87.647710
41.862767 -87.647237
41.863037 -87.647129

41.881712 -87.642569
41.878793 -87.642666
41.877702 -87.642453

41.880655 -87.640803
41.880795 -87.640686
41.882409 -87.640958
41.882481 -87.641291

41.879304 -87.641061
41.880231 -87.640778
41.880655 -87.640803

41.881712 -87.642569
41.881903 -87.642401
41.882132 -87.641263
41.882481 -87.641291

41.881712 -87.642569
41.882150 -87.642605
41.882638 -87.642561

41.882638 -87.642561
41.882744 -87.641834
41.882903 -87.641794
41.882481 -87.641291
