41.8742268793 -87.6562883358
41.874238503 -87.6556745863

41.8742268793 -87.6562883358
41.8735939089 -87.656725515

41.8742268793 -87.6562883358
41.8742288627 -87.6558947342

41.874238503 -87.6556745863
41.8742476615 -87.6550817723

41.874238503 -87.6556745863
41.8742288627 -87.6558947342

41.8742476615 -87.6550817723
41.8735939089 -87.656725515

41.8743347855 -87.6502676456
41.8743595236 -87.6490641274

41.8743595236 -87.6490641274
41.8743186275 -87.647868863

41.8743186275 -87.647868863
41.8742299089 -87.6473362616

41.8743186275 -87.647868863
41.8733749033 -87.6471772329

41.8743186275 -87.647868863
41.8742483507 -87.6471383479

41.8742299089 -87.6473362616
41.8733749033 -87.6471772329

41.8742299089 -87.6473362616
41.8742483507 -87.6471383479

41.8742299089 -87.6473362616
41.8743054288 -87.6465835267

41.8733749033 -87.6471772329
41.8742483507 -87.6471383479

41.8733749033 -87.6471772329
41.8743412817 -87.6466551353

41.8702337288 -87.6470674758
41.8697774114 -87.6470544043

41.8702337288 -87.6470674758
41.8696949443 -87.647047377

41.8702337288 -87.6470674758
41.8696605927 -87.647351643

41.8702337288 -87.6470674758
41.8695744379 -87.6465936967

41.8697774114 -87.6470544043
41.8696949443 -87.647047377

41.8697774114 -87.6470544043
41.8688754392 -87.6470595585

41.8697774114 -87.6470544043
41.8696605927 -87.647351643

41.8697774114 -87.6470544043
41.8695638186 -87.6467303232

41.8697774114 -87.6470544043
41.8695744379 -87.6465936967

41.8696949443 -87.647047377
41.8688754392 -87.6470595585

41.8696949443 -87.647047377
41.8696605927 -87.647351643

41.8696949443 -87.647047377
41.8695638186 -87.6467303232

41.8696949443 -87.647047377
41.8695744379 -87.6465936967

41.8696949443 -87.647047377
41.8695384886 -87.6477520558

41.8688754392 -87.6470595585
41.8679750419 -87.6470472893

41.8688754392 -87.6470595585
41.8695384886 -87.6477520558

41.8679750419 -87.6470472893
41.8675315494 -87.6470324508

41.8679750419 -87.6470472893
41.8673692769 -87.6470535518

41.8675315494 -87.6470324508
41.8673692769 -87.6470535518

41.8675315494 -87.6470324508
41.8670766762 -87.6469701345

41.8675315494 -87.6470324508
41.8672078195 -87.6476681533

41.8673692769 -87.6470535518
41.8670766762 -87.6469701345

41.8673692769 -87.6470535518
41.8672078195 -87.6476681533

41.8670766762 -87.6469701345
41.8666355592 -87.6469339728

41.8670766762 -87.6469701345
41.8671130751 -87.6471813754

41.8666355592 -87.6469339728
41.8661804826 -87.6469076303

41.8666355592 -87.6469339728
41.8671130751 -87.6471813754

41.8661804826 -87.6469076303
41.8652786559 -87.6468743313

41.8652786559 -87.6468743313
41.864852804 -87.646853265

41.864852804 -87.646853265
41.8643788081 -87.6468356528

41.8643788081 -87.6468356528
41.8634786934 -87.6468111242

41.8634786934 -87.6468111242
41.8630213672 -87.6467990175

41.8634786934 -87.6468111242
41.8628386324 -87.64868895

41.8630213672 -87.6467990175
41.8627918496 -87.6467881446

41.8630213672 -87.6467990175
41.8625779714 -87.6467949482

41.8630213672 -87.6467990175
41.8623744224 -87.6473661134

41.8630213672 -87.6467990175
41.8628386324 -87.64868895

41.8627918496 -87.6467881446
41.8625779714 -87.6467949482

41.8627918496 -87.6467881446
41.8623701895 -87.6471324241

41.8625779714 -87.6467949482
41.8623701895 -87.6471324241

41.8623701895 -87.6471324241
41.8623744224 -87.6473661134

41.8623701895 -87.6471324241
41.8623539608 -87.6481909711

41.8623744224 -87.6473661134
41.8623539608 -87.6481909711

41.8742483507 -87.6471383479
41.8743412817 -87.6466551353

41.8695733279 -87.650960743
41.8695384732 -87.6516085565

41.8695733279 -87.650960743
41.8693598385 -87.6511830487

41.8695384732 -87.6516085565
41.8693056158 -87.6510909315

41.8694656642 -87.6557701493
41.8694396527 -87.6563707812

41.8694656642 -87.6557701493
41.8696116238 -87.6563672249

41.8694396527 -87.6563707812
41.8694501951 -87.6569721723

41.8694396527 -87.6563707812
41.8695745707 -87.6567373129

41.8694396527 -87.6563707812
41.8696116238 -87.6563672249

41.8694501951 -87.6569721723
41.8694165646 -87.6576154953

41.8694501951 -87.6569721723
41.8694270468 -87.6581766374

41.8694501951 -87.6569721723
41.8694579984 -87.6575452252

41.8694501951 -87.6569721723
41.8696116238 -87.6563672249

41.8694165646 -87.6576154953
41.8694270468 -87.6581766374

41.8694165646 -87.6576154953
41.8694579984 -87.6575452252

41.8694270468 -87.6581766374
41.8694271269 -87.6587020861

41.8694270468 -87.6581766374
41.8694013877 -87.6588018304

41.8694270468 -87.6581766374
41.8694579984 -87.6575452252

41.8694270468 -87.6581766374
41.8696116238 -87.6563672249

41.8694271269 -87.6587020861
41.8694013877 -87.6588018304

41.8694271269 -87.6587020861
41.8694034769 -87.6593803602

41.8694013877 -87.6588018304
41.8694034769 -87.6593803602

41.86932756 -87.66419581
41.8693209105 -87.6654019108

41.8693209105 -87.6654019108
41.86933116 -87.6660156349

41.8693209105 -87.6654019108
41.8692826185 -87.6661237578

41.86933116 -87.6660156349
41.8693069911 -87.6666010463

41.86933116 -87.6660156349
41.8692826185 -87.6661237578

41.8693069911 -87.6666010463
41.8692868535 -87.667203465

41.8693069911 -87.6666010463
41.8695194319 -87.6663407419

41.8693069911 -87.6666010463
41.8692826185 -87.6661237578

41.8692868535 -87.667203465
41.8692714581 -87.6678110192

41.8692868535 -87.667203465
41.8692746499 -87.6695190288

41.8692714581 -87.6678110192
41.869304218 -87.6682899952

41.8692714581 -87.6678110192
41.8692546966 -87.6684063747

41.869304218 -87.6682899952
41.8692546966 -87.6684063747

41.869304218 -87.6682899952
41.8692301482 -87.6690102941

41.8692546966 -87.6684063747
41.8692301482 -87.6690102941

41.8692546966 -87.6684063747
41.8697058708 -87.6690060619

41.8692301482 -87.6690102941
41.8692581473 -87.669709218

41.8692301482 -87.6690102941
41.8692601472 -87.6702081877

41.8692301482 -87.6690102941
41.8694156301 -87.6689974975

41.8692301482 -87.6690102941
41.8692746499 -87.6695190288

41.8692301482 -87.6690102941
41.868111443 -87.6689522456

41.8692301482 -87.6690102941
41.8690117255 -87.6689794491

41.8692301482 -87.6690102941
41.8696127858 -87.669000805

41.8692301482 -87.6690102941
41.8697058708 -87.6690060619

41.8692581473 -87.669709218
41.8692601472 -87.6702081877

41.8692581473 -87.669709218
41.8694156301 -87.6689974975

41.8692581473 -87.669709218
41.8692746499 -87.6695190288

41.8692581473 -87.669709218
41.8690117255 -87.6689794491

41.8692581473 -87.669709218
41.8692462585 -87.67045694

41.8692601472 -87.6702081877
41.870306267 -87.6690189905

41.8692601472 -87.6702081877
41.8692746499 -87.6695190288

41.8692601472 -87.6702081877
41.8692462585 -87.67045694

41.8692601472 -87.6702081877
41.8692630335 -87.6706844602

41.8692601472 -87.6702081877
41.869834263 -87.6720270671

41.8692601472 -87.6702081877
41.869194098 -87.6698310301

41.8791759343 -87.6411600841
41.8792661694 -87.6413409862

41.8791759343 -87.6411600841
41.8790456953 -87.6410814604

41.8791759343 -87.6411600841
41.8806662884 -87.6408064567

41.8792661694 -87.6413409862
41.8797489142 -87.6408125127

41.8792976735 -87.6425772218
41.8794189512 -87.6422509566

41.87927886 -87.6437551118
41.8792623106 -87.6449605928

41.87927886 -87.6437551118
41.8792018043 -87.6439306712

41.87927886 -87.6437551118
41.8787646929 -87.6439344452

41.8792623106 -87.6449605928
41.8796644623 -87.6439687053

41.8748855949 -87.666734075
41.874241982 -87.6669396772

41.8748855949 -87.666734075
41.8742189082 -87.6671292982

41.874241982 -87.6669396772
41.8742189082 -87.6671292982

41.874241982 -87.6669396772
41.8742446716 -87.6663966216

41.8742189082 -87.6671292982
41.8742183168 -87.6676281318

41.8742189082 -87.6671292982
41.8742446716 -87.6663966216

41.8742189082 -87.6671292982
41.8741555668 -87.6676877909

41.8742183168 -87.6676281318
41.8741592813 -87.6683347096

41.8742183168 -87.6676281318
41.8741555668 -87.6676877909

41.8741592813 -87.6683347096
41.874203001 -87.6690139333

41.8741592813 -87.6683347096
41.8741439389 -87.6690810859

41.8741592813 -87.6683347096
41.8738801527 -87.6691179337

41.8741592813 -87.6683347096
41.8729952316 -87.6690894428

41.8741592813 -87.6683347096
41.8742446716 -87.6663966216

41.8741592813 -87.6683347096
41.8741555668 -87.6676877909

41.8741592813 -87.6683347096
41.8740346517 -87.6689616083

41.8741592813 -87.6683347096
41.8738543662 -87.6690799391

41.874203001 -87.6690139333
41.8741439389 -87.6690810859

41.874203001 -87.6690139333
41.8738801527 -87.6691179337

41.874203001 -87.6690139333
41.8740780972 -87.6691605327

41.874203001 -87.6690139333
41.8741640576 -87.6684883231

41.874203001 -87.6690139333
41.8740346517 -87.6689616083

41.874203001 -87.6690139333
41.8738543662 -87.6690799391

41.8741439389 -87.6690810859
41.8738801527 -87.6691179337

41.8741439389 -87.6690810859
41.8741640576 -87.6684883231

41.8741439389 -87.6690810859
41.8741555668 -87.6676877909

41.8741439389 -87.6690810859
41.8740346517 -87.6689616083

41.8738801527 -87.6691179337
41.8732970338 -87.6691276304

41.8738801527 -87.6691179337
41.8740346517 -87.6689616083

41.8738801527 -87.6691179337
41.8732629248 -87.669192012

41.8738801527 -87.6691179337
41.8733532315 -87.66900928

41.8732970338 -87.6691276304
41.8729952316 -87.6690894428

41.8732970338 -87.6691276304
41.8732629248 -87.669192012

41.8732970338 -87.6691276304
41.8733532315 -87.66900928

41.8729952316 -87.6690894428
41.8725159303 -87.6690563553

41.8729952316 -87.6690894428
41.8740346517 -87.6689616083

41.8729952316 -87.6690894428
41.8732629248 -87.669192012

41.8729952316 -87.6690894428
41.8733532315 -87.66900928

41.8729952316 -87.6690894428
41.872512641 -87.6688145379

41.8729952316 -87.6690894428
41.872717297 -87.6684649557

41.8725159303 -87.6690563553
41.8721049075 -87.6689888665

41.8725159303 -87.6690563553
41.872512641 -87.6688145379

41.8721049075 -87.6689888665
41.8716294926 -87.6691607052

41.8721049075 -87.6689888665
41.8716416002 -87.6689001828

41.8721049075 -87.6689888665
41.872512641 -87.6688145379

41.8716294926 -87.6691607052
41.8712037037 -87.6690711014

41.8716294926 -87.6691607052
41.8715509726 -87.6701552355

41.8716294926 -87.6691607052
41.8715776021 -87.6696367445

41.8716294926 -87.6691607052
41.8715873405 -87.6694777819

41.8716294926 -87.6691607052
41.8715707821 -87.6692748966

41.8716294926 -87.6691607052
41.8716416002 -87.6689001828

41.8712037037 -87.6690711014
41.8707126963 -87.6690267717

41.8712037037 -87.6690711014
41.8715509726 -87.6701552355

41.8712037037 -87.6690711014
41.8715776021 -87.6696367445

41.8712037037 -87.6690711014
41.8715873405 -87.6694777819

41.8712037037 -87.6690711014
41.8715707821 -87.6692748966

41.8712037037 -87.6690711014
41.8708639529 -87.66906651

41.8712037037 -87.6690711014
41.8716416002 -87.6689001828

41.8707126963 -87.6690267717
41.870306267 -87.6690189905

41.8707126963 -87.6690267717
41.8708639529 -87.66906651

41.870306267 -87.6690189905
41.8701082725 -87.669016364

41.870306267 -87.6690189905
41.8694156301 -87.6689974975

41.870306267 -87.6690189905
41.8708639529 -87.66906651

41.870306267 -87.6690189905
41.8696127858 -87.669000805

41.870306267 -87.6690189905
41.8716416002 -87.6689001828

41.8701082725 -87.669016364
41.8694156301 -87.6689974975

41.8701082725 -87.669016364
41.8696127858 -87.669000805

41.8694156301 -87.6689974975
41.8692746499 -87.6695190288

41.8694156301 -87.6689974975
41.8696127858 -87.669000805

41.8694156301 -87.6689974975
41.8687759116 -87.6689661596

41.8694156301 -87.6689974975
41.8692038069 -87.6685716038

41.8692746499 -87.6695190288
41.8690117255 -87.6689794491

41.8692746499 -87.6695190288
41.8692656411 -87.6711304372

41.8692746499 -87.6695190288
41.8696127858 -87.669000805

41.8692746499 -87.6695190288
41.869194098 -87.6698310301

41.8692746499 -87.6695190288
41.8697058708 -87.6690060619

41.8671245246 -87.6511315147
41.8671549068 -87.6514241936

41.8671245246 -87.6511315147
41.8671469653 -87.6516550734

41.8671245246 -87.6511315147
41.8671755216 -87.6500391465

41.8671245246 -87.6511315147
41.8671645973 -87.6510132639

41.8671245246 -87.6511315147
41.8675062822 -87.651003438

41.8671245246 -87.6511315147
41.8669400798 -87.6510988308

41.8671245246 -87.6511315147
41.8666515881 -87.6510298183

41.8671549068 -87.6514241936
41.8671469653 -87.6516550734

41.8671549068 -87.6514241936
41.8671645973 -87.6510132639

41.8671549068 -87.6514241936
41.8666515881 -87.6510298183

41.8671469653 -87.6516550734
41.8671373005 -87.6522561769

41.8671469653 -87.6516550734
41.8671645973 -87.6510132639

41.8671469653 -87.6516550734
41.8666515881 -87.6510298183

41.8671373005 -87.6522561769
41.8660657554 -87.6510069774

41.8670758115 -87.6558487164
41.8670594514 -87.6565083049

41.8670758115 -87.6558487164
41.8672961351 -87.6566775331

41.8670758115 -87.6558487164
41.8670698309 -87.6564754632

41.8670594514 -87.6565083049
41.8672961351 -87.6566775331

41.8670594514 -87.6565083049
41.8677447339 -87.6567040646

41.8670594514 -87.6565083049
41.8670698309 -87.6564754632

41.8670594514 -87.6565083049
41.8670509347 -87.6572513829

41.8672961351 -87.6566775331
41.8677447339 -87.6567040646

41.8672961351 -87.6566775331
41.8670698309 -87.6564754632

41.8672961351 -87.6566775331
41.8669565189 -87.6571246566

41.8677447339 -87.6567040646
41.8670698309 -87.6564754632

41.8690975223 -87.6567336718
41.8695745707 -87.6567373129

41.8690975223 -87.6567336718
41.8694951029 -87.6567608349

41.8695745707 -87.6567373129
41.8699952993 -87.6567649382

41.8695745707 -87.6567373129
41.8694951029 -87.6567608349

41.8695745707 -87.6567373129
41.8693908269 -87.6576668082

41.8699952993 -87.6567649382
41.8708951772 -87.6567882763

41.8699952993 -87.6567649382
41.8694951029 -87.6567608349

41.8699952993 -87.6567649382
41.8693908269 -87.6576668082

41.8708951772 -87.6567882763
41.8717951894 -87.6568027662

41.8731439861 -87.6567321309
41.8735939089 -87.656725515

41.8695638186 -87.6467303232
41.8695744379 -87.6465936967

41.8695638186 -87.6467303232
41.869611985 -87.645993229

41.8695638186 -87.6467303232
41.8695384886 -87.6477520558

41.8695744379 -87.6465936967
41.869611985 -87.645993229

41.8695744379 -87.6465936967
41.8695384886 -87.6477520558

41.8696954835 -87.6429820809
41.8702371801 -87.6422261996

41.8670698309 -87.6564754632
41.8670509347 -87.6572513829

41.8694951029 -87.6567608349
41.8693908269 -87.6576668082

41.8695384886 -87.6477520558
41.8696209536 -87.646895968

41.8695384886 -87.6477520558
41.8700734779 -87.646904442

41.8695384886 -87.6477520558
41.8692795272 -87.6521335809

41.8671755216 -87.6500391465
41.8671645973 -87.6510132639

41.8671755216 -87.6500391465
41.8672422111 -87.6510037494

41.8671755216 -87.6500391465
41.8675062822 -87.651003438

41.8671755216 -87.6500391465
41.8669400798 -87.6510988308

41.8671645973 -87.6510132639
41.8672422111 -87.6510037494

41.8671645973 -87.6510132639
41.8675062822 -87.651003438

41.8671645973 -87.6510132639
41.8669400798 -87.6510988308

41.8671645973 -87.6510132639
41.8666515881 -87.6510298183

41.86692689 -87.6656655301
41.8679936074 -87.6662844345

41.8669579892 -87.6687691153
41.8672116413 -87.6689353689

41.8672116413 -87.6689353689
41.868111443 -87.6689522456

41.868111443 -87.6689522456
41.8690117255 -87.6689794491

41.8690117255 -87.6689794491
41.8697058708 -87.6690060619

41.8692462585 -87.67045694
41.8692630335 -87.6706844602

41.8692462585 -87.67045694
41.8692656411 -87.6711304372

41.8692462585 -87.67045694
41.8692567247 -87.671365647

41.8692462585 -87.67045694
41.8692678833 -87.6713554347

41.8692462585 -87.67045694
41.8686428949 -87.6715367277

41.8692630335 -87.6706844602
41.8692656411 -87.6711304372

41.8692630335 -87.6706844602
41.8692567247 -87.671365647

41.8692630335 -87.6706844602
41.8692678833 -87.6713554347

41.8692630335 -87.6706844602
41.869468241 -87.671414586

41.8692630335 -87.6706844602
41.869287614 -87.6709907835

41.8692630335 -87.6706844602
41.8697058708 -87.6690060619

41.8692656411 -87.6711304372
41.8692567247 -87.671365647

41.8692656411 -87.6711304372
41.8692678833 -87.6713554347

41.8692656411 -87.6711304372
41.869468241 -87.671414586

41.8692656411 -87.6711304372
41.8694295386 -87.6714042479

41.8692656411 -87.6711304372
41.8692622342 -87.6715757228

41.8692656411 -87.6711304372
41.869287614 -87.6709907835

41.8692656411 -87.6711304372
41.8686428949 -87.6715367277

41.8692656411 -87.6711304372
41.8703865475 -87.671478463

41.8692567247 -87.671365647
41.8692678833 -87.6713554347

41.8692567247 -87.671365647
41.869468241 -87.671414586

41.8692567247 -87.671365647
41.869834263 -87.6720270671

41.8692567247 -87.671365647
41.8694295386 -87.6714042479

41.8692567247 -87.671365647
41.869277543 -87.6717261161

41.8692567247 -87.671365647
41.8693322475 -87.6719873308

41.8692567247 -87.671365647
41.8692622342 -87.6715757228

41.8692567247 -87.671365647
41.869176287 -87.6720297109

41.8692567247 -87.671365647
41.8686428949 -87.6715367277

41.8692678833 -87.6713554347
41.869468241 -87.671414586

41.8692678833 -87.6713554347
41.869834263 -87.6720270671

41.8692678833 -87.6713554347
41.8694295386 -87.6714042479

41.8692678833 -87.6713554347
41.869277543 -87.6717261161

41.8692678833 -87.6713554347
41.8693322475 -87.6719873308

41.8692678833 -87.6713554347
41.8692622342 -87.6715757228

41.8692678833 -87.6713554347
41.869176287 -87.6720297109

41.8692678833 -87.6713554347
41.8702765687 -87.6714748064

41.869468241 -87.671414586
41.869834263 -87.6720270671

41.869468241 -87.671414586
41.8699553529 -87.6736821486

41.869468241 -87.671414586
41.8694295386 -87.6714042479

41.869468241 -87.671414586
41.869277543 -87.6717261161

41.869468241 -87.671414586
41.8693322475 -87.6719873308

41.869468241 -87.671414586
41.8692622342 -87.6715757228

41.869468241 -87.671414586
41.8702765687 -87.6714748064

41.869468241 -87.671414586
41.8703865475 -87.671478463

41.869834263 -87.6720270671
41.8699553529 -87.6736821486

41.869834263 -87.6720270671
41.8694295386 -87.6714042479

41.869834263 -87.6720270671
41.869277543 -87.6717261161

41.869834263 -87.6720270671
41.8693322475 -87.6719873308

41.869834263 -87.6720270671
41.8693025227 -87.6722506545

41.869834263 -87.6720270671
41.8692784554 -87.6725826961

41.869834263 -87.6720270671
41.8692863805 -87.6728639705

41.869834263 -87.6720270671
41.8692646942 -87.6723832856

41.869834263 -87.6720270671
41.8697350556 -87.6730215234

41.869834263 -87.6720270671
41.8706600285 -87.6736631229

41.869834263 -87.6720270671
41.8707608751 -87.6735202075

41.8699553529 -87.6736821486
41.8692226304 -87.6747128941

41.8699553529 -87.6736821486
41.869230483 -87.6750433093

41.8699553529 -87.6736821486
41.8692090573 -87.6752717512

41.8699553529 -87.6736821486
41.8691833798 -87.6763399943

41.8699553529 -87.6736821486
41.8697350556 -87.6730215234

41.8694295386 -87.6714042479
41.869277543 -87.6717261161

41.8694295386 -87.6714042479
41.8693322475 -87.6719873308

41.8694295386 -87.6714042479
41.8692622342 -87.6715757228

41.8694295386 -87.6714042479
41.8702765687 -87.6714748064

41.869277543 -87.6717261161
41.8693322475 -87.6719873308

41.869277543 -87.6717261161
41.8692646942 -87.6723832856

41.869277543 -87.6717261161
41.8692622342 -87.6715757228

41.869277543 -87.6717261161
41.869176287 -87.6720297109

41.8693322475 -87.6719873308
41.8693025227 -87.6722506545

41.8693322475 -87.6719873308
41.8692784554 -87.6725826961

41.8693322475 -87.6719873308
41.8692863805 -87.6728639705

41.8693322475 -87.6719873308
41.8692646942 -87.6723832856

41.8693322475 -87.6719873308
41.8697350556 -87.6730215234

41.8693322475 -87.6719873308
41.8692622342 -87.6715757228

41.8693322475 -87.6719873308
41.869176287 -87.6720297109

41.8693025227 -87.6722506545
41.8692784554 -87.6725826961

41.8693025227 -87.6722506545
41.8692646942 -87.6723832856

41.8693025227 -87.6722506545
41.8697350556 -87.6730215234

41.8693025227 -87.6722506545
41.869176287 -87.6720297109

41.8692784554 -87.6725826961
41.8692863805 -87.6728639705

41.8692784554 -87.6725826961
41.8692629797 -87.6731804256

41.8692784554 -87.6725826961
41.8692646942 -87.6723832856

41.8692784554 -87.6725826961
41.8691530125 -87.6729059604

41.8692784554 -87.6725826961
41.8701055675 -87.6736195845

41.8692863805 -87.6728639705
41.8692629797 -87.6731804256

41.8692863805 -87.6728639705
41.8692558939 -87.6735252731

41.8692863805 -87.6728639705
41.8692646942 -87.6723832856

41.8692863805 -87.6728639705
41.8691530125 -87.6729059604

41.8692863805 -87.6728639705
41.8697350556 -87.6730215234

41.8692863805 -87.6728639705
41.8692736527 -87.6735127215

41.8692863805 -87.6728639705
41.8697628008 -87.6736047437

41.8692629797 -87.6731804256
41.8692558939 -87.6735252731

41.8692629797 -87.6731804256
41.8691530125 -87.6729059604

41.8692629797 -87.6731804256
41.8697350556 -87.6730215234

41.8692629797 -87.6731804256
41.8692736527 -87.6735127215

41.8692629797 -87.6731804256
41.8697628008 -87.6736047437

41.8692558939 -87.6735252731
41.8692341068 -87.6741317501

41.8692558939 -87.6735252731
41.869230483 -87.6750433093

41.8692558939 -87.6735252731
41.8691530125 -87.6729059604

41.8692558939 -87.6735252731
41.8692417523 -87.6739008334

41.8692558939 -87.6735252731
41.8686428949 -87.6715367277

41.8692558939 -87.6735252731
41.8692736527 -87.6735127215

41.8692558939 -87.6735252731
41.8697628008 -87.6736047437

41.8692341068 -87.6741317501
41.8692278822 -87.6743885121

41.8692341068 -87.6741317501
41.8692226304 -87.6747128941

41.8692341068 -87.6741317501
41.8691530125 -87.6729059604

41.8692341068 -87.6741317501
41.8692417523 -87.6739008334

41.8692341068 -87.6741317501
41.8692736527 -87.6735127215

41.8692278822 -87.6743885121
41.8692226304 -87.6747128941

41.8692278822 -87.6743885121
41.869230483 -87.6750433093

41.8692278822 -87.6743885121
41.8692417523 -87.6739008334

41.8692226304 -87.6747128941
41.869230483 -87.6750433093

41.8692226304 -87.6747128941
41.8692090573 -87.6752717512

41.869230483 -87.6750433093
41.8692090573 -87.6752717512

41.869230483 -87.6750433093
41.8692038612 -87.6757355146

41.8692090573 -87.6752717512
41.8692038612 -87.6757355146

41.87154578 -87.6725657576
41.8715398169 -87.6719223131

41.87154578 -87.6725657576
41.87154136 -87.6716746008

41.87154578 -87.6725657576
41.8715133909 -87.6739684907

41.87154578 -87.6725657576
41.8715186337 -87.6733570782

41.87154578 -87.6725657576
41.8715882583 -87.6719757431

41.8715398169 -87.6719223131
41.87154136 -87.6716746008

41.8715398169 -87.6719223131
41.8715439155 -87.6713599179

41.8715398169 -87.6719223131
41.8715882583 -87.6719757431

41.87154136 -87.6716746008
41.8715439155 -87.6713599179

41.87154136 -87.6716746008
41.8715882583 -87.6719757431

41.87154136 -87.6716746008
41.8712809558 -87.6715017468

41.87154136 -87.6716746008
41.8721753881 -87.6715162817

41.8715439155 -87.6713599179
41.8715531558 -87.6707240978

41.8715439155 -87.6713599179
41.8715882583 -87.6719757431

41.8715439155 -87.6713599179
41.8708245059 -87.6715057192

41.8715439155 -87.6713599179
41.8712809558 -87.6715017468

41.8715531558 -87.6707240978
41.8715509726 -87.6701552355

41.8715531558 -87.6707240978
41.8708245059 -87.6715057192

41.8715531558 -87.6707240978
41.8712809558 -87.6715017468

41.8715509726 -87.6701552355
41.8715776021 -87.6696367445

41.8715509726 -87.6701552355
41.8715873405 -87.6694777819

41.8715509726 -87.6701552355
41.8708639529 -87.66906651

41.8715509726 -87.6701552355
41.870798171 -87.670921054

41.8715509726 -87.6701552355
41.869194098 -87.6698310301

41.8715776021 -87.6696367445
41.8715873405 -87.6694777819

41.8715776021 -87.6696367445
41.8715707821 -87.6692748966

41.8715873405 -87.6694777819
41.8715707821 -87.6692748966

41.8715873405 -87.6694777819
41.8716232017 -87.6686915133

41.8715873405 -87.6694777819
41.871571607 -87.6685923127

41.8715873405 -87.6694777819
41.8720668901 -87.6690039487

41.8715707821 -87.6692748966
41.8716232017 -87.6686915133

41.8715707821 -87.6692748966
41.871571607 -87.6685923127

41.8715707821 -87.6692748966
41.8720668901 -87.6690039487

41.8696127858 -87.669000805
41.8687759116 -87.6689661596

41.8696127858 -87.669000805
41.8692038069 -87.6685716038

41.8674426991 -87.6689302629
41.8667927483 -87.6679593212

41.8667891461 -87.6685511867
41.8667927483 -87.6679593212

41.8667891461 -87.6685511867
41.8667940738 -87.6692827486

41.8668637496 -87.6625338444
41.8668876713 -87.6613300707

41.8669074508 -87.6601256272
41.8669265304 -87.6589231409

41.86705588 -87.651702272
41.8671505125 -87.6510483389

41.86705588 -87.651702272
41.8672422111 -87.6510037494

41.86705588 -87.651702272
41.8664370246 -87.6510606263

41.86705588 -87.651702272
41.8669400798 -87.6510988308

41.8671505125 -87.6510483389
41.8672422111 -87.6510037494

41.8671505125 -87.6510483389
41.8675062822 -87.651003438

41.8671505125 -87.6510483389
41.8666515881 -87.6510298183

41.8672422111 -87.6510037494
41.8675062822 -87.651003438

41.8672422111 -87.6510037494
41.8666515881 -87.6510298183

41.8675062822 -87.651003438
41.8684059092 -87.6510357724

41.8693056158 -87.6510909315
41.8695058957 -87.6507486506

41.8692646942 -87.6723832856
41.8691530125 -87.6729059604

41.8692646942 -87.6723832856
41.8697350556 -87.6730215234

41.8692646942 -87.6723832856
41.869176287 -87.6720297109

41.8692646942 -87.6723832856
41.8707608751 -87.6735202075

41.8691530125 -87.6729059604
41.8697350556 -87.6730215234

41.8691530125 -87.6729059604
41.869176287 -87.6720297109

41.8691530125 -87.6729059604
41.8692736527 -87.6735127215

41.8691530125 -87.6729059604
41.8697628008 -87.6736047437

41.8692417523 -87.6739008334
41.8692736527 -87.6735127215

41.8692038612 -87.6757355146
41.8691833798 -87.6763399943

41.8692038612 -87.6757355146
41.8693194228 -87.6761713716

41.8692038612 -87.6757355146
41.869763725 -87.6761913168

41.8691833798 -87.6763399943
41.8691668946 -87.6769665662

41.8691833798 -87.6763399943
41.8693194228 -87.6761713716

41.8691668946 -87.6769665662
41.8691565756 -87.6775545485

41.8691565756 -87.6775545485
41.8691467166 -87.6781725355

41.8691467166 -87.6781725355
41.8691386785 -87.678756676

41.8691467166 -87.6781725355
41.8691224206 -87.6788851183

41.8691386785 -87.678756676
41.8691213208 -87.6793760725

41.8691386785 -87.678756676
41.8691269252 -87.679939595

41.8691386785 -87.678756676
41.8691224206 -87.6788851183

41.8691213208 -87.6793760725
41.8691269252 -87.679939595

41.8691213208 -87.6793760725
41.8691224206 -87.6788851183

41.8691213208 -87.6793760725
41.8689751161 -87.679933511

41.8691269252 -87.679939595
41.8691060126 -87.680541633

41.8691269252 -87.679939595
41.8690992405 -87.6811199035

41.8691269252 -87.679939595
41.8689751161 -87.679933511

41.8691060126 -87.680541633
41.8690992405 -87.6811199035

41.8691060126 -87.680541633
41.8689751161 -87.679933511

41.8690435276 -87.6835266344
41.8690299364 -87.6847384321

41.8690299364 -87.6847384321
41.8690305237 -87.6852549404

41.8690305237 -87.6852549404
41.8694765548 -87.6860500215

41.8690305237 -87.6852549404
41.8713171248 -87.686119582

41.8690305237 -87.6852549404
41.8690298408 -87.6856578603

41.8694765548 -87.6860500215
41.8701279859 -87.6860815181

41.8694765548 -87.6860500215
41.8690298408 -87.6856578603

41.8694765548 -87.6860500215
41.8692248591 -87.6860467331

41.8694765548 -87.6860500215
41.8691836736 -87.6860626277

41.8731365764 -87.6861811153
41.8737201272 -87.6861802468

41.8731365764 -87.6861811153
41.8738959991 -87.685933057

41.8737201272 -87.6861802468
41.8738959991 -87.685933057

41.8740171186 -87.6782421998
41.8740234744 -87.6776427073

41.8740234744 -87.6776427073
41.874014385 -87.676953329

41.8740234744 -87.6776427073
41.8738961314 -87.6765613573

41.874014385 -87.676953329
41.8738961314 -87.6765613573

41.874014385 -87.676953329
41.8729987481 -87.6764416069

41.8738961314 -87.6765613573
41.8729987481 -87.6764416069

41.8720991474 -87.6763750082
41.8715610296 -87.6762941814

41.8720991474 -87.6763750082
41.8715985548 -87.6763407457

41.8715610296 -87.6762941814
41.8714567386 -87.6758335409

41.8715610296 -87.6762941814
41.8715985548 -87.6763407457

41.8714567386 -87.6758335409
41.8714623097 -87.6751697157

41.8714567386 -87.6758335409
41.8714959861 -87.674632496

41.8714567386 -87.6758335409
41.8715985548 -87.6763407457

41.8714567386 -87.6758335409
41.8711117311 -87.6762207628

41.8714623097 -87.6751697157
41.8714959861 -87.674632496

41.8714623097 -87.6751697157
41.8715072333 -87.6743865868

41.8714959861 -87.674632496
41.8715072333 -87.6743865868

41.8714959861 -87.674632496
41.8715133909 -87.6739684907

41.8715072333 -87.6743865868
41.8715133909 -87.6739684907

41.8715133909 -87.6739684907
41.8714891652 -87.6737858459

41.8715133909 -87.6739684907
41.8715186337 -87.6733570782

41.8715133909 -87.6739684907
41.871144728 -87.6736718204

41.8714891652 -87.6737858459
41.8715186337 -87.6733570782

41.8714891652 -87.6737858459
41.871144728 -87.6736718204

41.8714891652 -87.6737858459
41.8712213691 -87.6736419829

41.8697350556 -87.6730215234
41.8692736527 -87.6735127215

41.8697350556 -87.6730215234
41.8697628008 -87.6736047437

41.8690298408 -87.6856578603
41.8692248591 -87.6860467331

41.8690298408 -87.6856578603
41.8691836736 -87.6860626277

41.8692248591 -87.6860467331
41.8691836736 -87.6860626277

41.8715186337 -87.6733570782
41.871144728 -87.6736718204

41.8715186337 -87.6733570782
41.8712213691 -87.6736419829

41.8692622342 -87.6715757228
41.869176287 -87.6720297109

41.8692622342 -87.6715757228
41.8686428949 -87.6715367277

41.8664370246 -87.6510606263
41.8669400798 -87.6510988308

41.8637398302 -87.650947307
41.8635433267 -87.6504992335

41.8637398302 -87.650947307
41.8636358664 -87.6500566351

41.8635433267 -87.6504992335
41.8636358664 -87.6500566351

41.8635433267 -87.6504992335
41.8636361581 -87.6499510022

41.8635433267 -87.6504992335
41.863387156 -87.6509196254

41.8635433267 -87.6504992335
41.8635396081 -87.6509055929

41.8636358664 -87.6500566351
41.8636361581 -87.6499510022

41.8636358664 -87.6500566351
41.8637854781 -87.6499698368

41.8636358664 -87.6500566351
41.8637911051 -87.6504174454

41.8636361581 -87.6499510022
41.8637911051 -87.6504174454

41.8702765687 -87.6714748064
41.8708245059 -87.6715057192

41.8702765687 -87.6714748064
41.8703865475 -87.671478463

41.8708245059 -87.6715057192
41.8712809558 -87.6715017468

41.8708245059 -87.6715057192
41.8703865475 -87.671478463

41.8712809558 -87.6715017468
41.8721753881 -87.6715162817

41.8721753881 -87.6715162817
41.8730765857 -87.671531967

41.8730765857 -87.671531967
41.8738623629 -87.6715570343

41.8730765857 -87.671531967
41.8741018982 -87.6709577214

41.8730765857 -87.671531967
41.8739492274 -87.6715204042

41.8730765857 -87.671531967
41.8741094218 -87.6706259844

41.8738623629 -87.6715570343
41.8741018982 -87.6709577214

41.8738623629 -87.6715570343
41.8739492274 -87.6715204042

41.8741018982 -87.6709577214
41.8741030441 -87.6703333792

41.8741018982 -87.6709577214
41.8739492274 -87.6715204042

41.8741018982 -87.6709577214
41.8741094218 -87.6706259844

41.8741030441 -87.6703333792
41.8740887014 -87.6696012255

41.8741030441 -87.6703333792
41.8741640576 -87.6684883231

41.8741030441 -87.6703333792
41.8741094218 -87.6706259844

41.8740887014 -87.6696012255
41.8740780972 -87.6691605327

41.8740780972 -87.6691605327
41.8741640576 -87.6684883231

41.8740780972 -87.6691605327
41.8729733355 -87.6690321672

41.8740780972 -87.6691605327
41.8738543662 -87.6690799391

41.8741640576 -87.6684883231
41.8738543662 -87.6690799391

41.8741640576 -87.6684883231
41.8739789055 -87.668463677

41.8741648404 -87.6673770428
41.8741702188 -87.6667532526

41.8741702188 -87.6667532526
41.8742113975 -87.6662695804

41.8741702188 -87.6667532526
41.8741734841 -87.6661456654

41.8741702188 -87.6667532526
41.8741797421 -87.6655572987

41.8742113975 -87.6662695804
41.8741734841 -87.6661456654

41.8742113975 -87.6662695804
41.8741797421 -87.6655572987

41.8742113975 -87.6662695804
41.873024965 -87.6664871589

41.8742113975 -87.6662695804
41.873924936 -87.6665419147

41.8741734841 -87.6661456654
41.8741797421 -87.6655572987

41.8741734841 -87.6661456654
41.873024965 -87.6664871589

41.8741734841 -87.6661456654
41.873924936 -87.6665419147

41.8741797421 -87.6655572987
41.8741827291 -87.6651069854

41.8741827291 -87.6651069854
41.873924936 -87.6665419147

41.8692175306 -87.6667330281
41.8695194319 -87.6663407419

41.8695194319 -87.6663407419
41.8692826185 -87.6661237578

41.8713049802 -87.6664176415
41.8716846881 -87.6664969036

41.8713049802 -87.6664176415
41.8717639611 -87.6664536651

41.8716846881 -87.6664969036
41.87163465 -87.6672235069

41.8716846881 -87.6664969036
41.8720804691 -87.6664612617

41.8716846881 -87.6664969036
41.8717639611 -87.6664536651

41.8686428949 -87.6715367277
41.8677333144 -87.6714476761

41.8677333144 -87.6714476761
41.8669264111 -87.6713822177

41.8677333144 -87.6714476761
41.8668602629 -87.6713247896

41.8669264111 -87.6713822177
41.8668602629 -87.6713247896

41.8669264111 -87.6713822177
41.8667833782 -87.6701638704

41.8668602629 -87.6713247896
41.8667833782 -87.6701638704

41.8667833782 -87.6701638704
41.8667940738 -87.6692827486

41.8703865475 -87.671478463
41.870798171 -87.670921054

41.8716232017 -87.6686915133
41.8716870454 -87.668166346

41.8716232017 -87.6686915133
41.8716363963 -87.6679609025

41.8716232017 -87.6686915133
41.871571607 -87.6685923127

41.8716870454 -87.668166346
41.87163465 -87.6672235069

41.8716870454 -87.668166346
41.8716363963 -87.6679609025

41.8716870454 -87.668166346
41.871571607 -87.6685923127

41.87163465 -87.6672235069
41.8720804691 -87.6664612617

41.87163465 -87.6672235069
41.8716363963 -87.6679609025

41.87163465 -87.6672235069
41.8717639611 -87.6664536651

41.8720804691 -87.6664612617
41.8717639611 -87.6664536651

41.873024965 -87.6664871589
41.873924936 -87.6665419147

41.8711316573 -87.6422585138
41.8719630009 -87.6422210746

41.8711316573 -87.6422585138
41.8719983402 -87.6420589749

41.8719630009 -87.6422210746
41.8719983402 -87.6420589749

41.8719630009 -87.6422210746
41.8719921184 -87.6413309877

41.8719983402 -87.6420589749
41.8719921184 -87.6413309877

41.8628386324 -87.64868895
41.8623417745 -87.6496035688

41.8628386324 -87.64868895
41.8629329508 -87.650891205

41.8623417745 -87.6496035688
41.8623088716 -87.6505997069

41.8623417745 -87.6496035688
41.8624768599 -87.6508682585

41.8623417745 -87.6496035688
41.8623349257 -87.6489486086

41.8623417745 -87.6496035688
41.8622295981 -87.6496107432

41.8623088716 -87.6505997069
41.8624768599 -87.6508682585

41.8623088716 -87.6505997069
41.8629329508 -87.650891205

41.8623088716 -87.6505997069
41.8622295981 -87.6496107432

41.8624768599 -87.6508682585
41.8629329508 -87.650891205

41.8624768599 -87.6508682585
41.8622295981 -87.6496107432

41.8629329508 -87.650891205
41.863387156 -87.6509196254

41.8629329508 -87.650891205
41.8635396081 -87.6509055929

41.863387156 -87.6509196254
41.8635396081 -87.6509055929

41.863387156 -87.6509196254
41.8642638694 -87.6509535625

41.8635396081 -87.6509055929
41.8642638694 -87.6509535625

41.8635396081 -87.6509055929
41.8637854781 -87.6499698368

41.8635396081 -87.6509055929
41.8635923579 -87.6505592531

41.8642638694 -87.6509535625
41.865166753 -87.6509794624

41.8642638694 -87.6509535625
41.8635923579 -87.6505592531

41.8660657554 -87.6510069774
41.8666515881 -87.6510298183

41.8623539608 -87.6481909711
41.8623349257 -87.6489486086

41.8623349257 -87.6489486086
41.8622295981 -87.6496107432

41.8637854781 -87.6499698368
41.8635923579 -87.6505592531

41.8635923579 -87.6505592531
41.8637911051 -87.6504174454

41.8716363963 -87.6679609025
41.871571607 -87.6685923127

41.8763855301 -87.6424897757
41.8775529666 -87.6424822117

41.8784480933 -87.6425861155
41.8789517797 -87.6425085818

41.8789517797 -87.6425085818
41.8794189512 -87.6422509566

41.8789517797 -87.6425085818
41.8807402027 -87.6425359541

41.8807402027 -87.6425359541
41.8816521853 -87.6426084683

41.8816521853 -87.6426084683
41.8819013339 -87.6425866405

41.8831223223 -87.6421180575
41.8828212183 -87.6413417152

41.8831223223 -87.6421180575
41.882976939 -87.6415611365

41.8828212183 -87.6413417152
41.8823052455 -87.6413905928

41.8828212183 -87.6413417152
41.882976939 -87.6415611365

41.8828212183 -87.6413417152
41.8827389409 -87.6420673773

41.8828212183 -87.6413417152
41.882313742 -87.6412015822

41.8823052455 -87.6413905928
41.8819897741 -87.6415269926

41.8819897741 -87.6415269926
41.882502428 -87.6428867272

41.8819897741 -87.6415269926
41.8819111328 -87.6422575334

41.882502428 -87.6428867272
41.8824039891 -87.6431545834

41.882502428 -87.6428867272
41.8827389409 -87.6420673773

41.8824039891 -87.6431545834
41.8810078582 -87.6437781859

41.8824039891 -87.6431545834
41.8816617253 -87.6441883066

41.8810078582 -87.6437781859
41.8805164438 -87.6440248737

41.8805164438 -87.6440248737
41.8816617253 -87.6441883066

41.8796644623 -87.6439687053
41.8792018043 -87.6439306712

41.8792018043 -87.6439306712
41.8787646929 -87.6439344452

41.8743412817 -87.6466551353
41.8743655769 -87.6473428046

41.8692736527 -87.6735127215
41.8697628008 -87.6736047437

41.8827389409 -87.6420673773
41.882313742 -87.6412015822

41.8743655769 -87.6473428046
41.8740704613 -87.6471124142

41.8743477352 -87.6570423521
41.8743466839 -87.6562721697

41.8741555668 -87.6676877909
41.8740346517 -87.6689616083

41.8740346517 -87.6689616083
41.8732629248 -87.669192012

41.8740346517 -87.6689616083
41.8733532315 -87.66900928

41.8740346517 -87.6689616083
41.8738543662 -87.6690799391

41.8740346517 -87.6689616083
41.8739789055 -87.668463677

41.8716416002 -87.6689001828
41.872512641 -87.6688145379

41.8716416002 -87.6689001828
41.872717297 -87.6684649557

41.8693194228 -87.6761713716
41.869763725 -87.6761913168

41.869763725 -87.6761913168
41.8702098517 -87.6762031387

41.8702098517 -87.6762031387
41.8711117311 -87.6762207628

41.8740704613 -87.6471124142
41.8743054288 -87.6465835267

41.8732629248 -87.669192012
41.8733532315 -87.66900928

41.8733532315 -87.66900928
41.872512641 -87.6688145379

41.872512641 -87.6688145379
41.872717297 -87.6684649557

41.872512641 -87.6688145379
41.8739789055 -87.668463677

41.8673719641 -87.6468778761
41.8671130751 -87.6471813754

41.8696209536 -87.646895968
41.8700734779 -87.646904442

41.8720668901 -87.6690039487
41.8729733355 -87.6690321672

41.8729733355 -87.6690321672
41.8738543662 -87.6690799391

41.8790456953 -87.6410814604
41.878292965 -87.6410048549

41.8790456953 -87.6410814604
41.8797489142 -87.6408125127

41.8743313926 -87.6410988838
41.8743611092 -87.641409535

41.8743313926 -87.6410988838
41.8752909056 -87.6409202822

41.8743611092 -87.641409535
41.8752909056 -87.6409202822

41.882313742 -87.6412015822
41.8819215351 -87.6407803463

41.8697628008 -87.6736047437
41.8701055675 -87.6736195845

41.8701055675 -87.6736195845
41.8706600285 -87.6736631229

41.8701055675 -87.6736195845
41.8707608751 -87.6735202075

41.8706600285 -87.6736631229
41.8707608751 -87.6735202075

41.8706600285 -87.6736631229
41.871144728 -87.6736718204

41.8706600285 -87.6736631229
41.8712213691 -87.6736419829

41.8707608751 -87.6735202075
41.871144728 -87.6736718204

41.8707608751 -87.6735202075
41.8712213691 -87.6736419829

41.871144728 -87.6736718204
41.8712213691 -87.6736419829

41.8806662884 -87.6408064567
41.8797489142 -87.6408125127

41.8806662884 -87.6408064567
41.8819215351 -87.6407803463

41.8693908269 -87.6576668082
41.8693470474 -87.6557106816

41.8790608672 -87.6569996516
41.8790766579 -87.656248233
41.8791001455 -87.6550443073
41.8791161077 -87.653840425
41.8791363487 -87.6526370039
41.8791590883 -87.6514330956
41.8791889784 -87.6502295294
41.8792055471 -87.6492885024
41.879219246 -87.6485747514
41.8792236709 -87.6473689635
41.8792476804 -87.6461663236
41.8792623106 -87.6449605928

41.8790608672 -87.6569996516
41.8787421784 -87.6570977003
41.8778436073 -87.6570764995
41.8769442982 -87.6571147535
41.8760450388 -87.6571040488
41.8751454921 -87.6570534533

41.8790608672 -87.6569996516
41.8790386376 -87.6582032697
41.8790215206 -87.6594061908
41.8790003285 -87.6606094899
41.8789747425 -87.6618138153
41.8789498586 -87.6630172398
41.8789290471 -87.6642214345
41.8789029792 -87.665423762
41.8788665958 -87.6666256836
41.8784862352 -87.6668117705
41.8775861137 -87.666784363
41.8766857146 -87.6667827234
41.8757858242 -87.6667499578
41.8748855949 -87.666734075

41.8751454921 -87.6570534533
41.8742719642 -87.6568150785
41.8742268793 -87.6562883358

41.8751454921 -87.6570534533
41.8752554727 -87.6582610253
41.8753199125 -87.6594619889
41.8754299411 -87.6600649988

41.8742268793 -87.6562883358
41.8740969097 -87.6567094123
41.8735939089 -87.656725515

41.8742268793 -87.6562883358
41.8742125834 -87.6571290603
41.8742027599 -87.657748044
41.8741962264 -87.6583330191
41.8741912252 -87.6589528603
41.8741849872 -87.6595374979
41.8741797259 -87.6601566289
41.8741735228 -87.660741296
41.8741648892 -87.6613600921
41.8741548958 -87.6619445979
41.8741446384 -87.6626041238
41.8741410344 -87.6631501272
41.874148886 -87.66376309

41.874238503 -87.6556745863
41.8746210834 -87.6542496237
41.8742895394 -87.6526738094

41.8742476615 -87.6550817723
41.8742555033 -87.6546932746
41.874269397 -87.6538777287
41.8742895394 -87.6526738094

41.8742895394 -87.6526738094
41.8743142665 -87.6514716366
41.8743347855 -87.6502676456

41.8743347855 -87.6502676456
41.8746962004 -87.6495383102
41.8743595236 -87.6490641274

41.8743595236 -87.6490641274
41.8743586062 -87.6483471784
41.8743186275 -87.647868863

41.8743595236 -87.6490641274
41.8747472507 -87.6484023073
41.8739737411 -87.6478433529
41.8730802918 -87.6477058217
41.8720053007 -87.6471290227

41.8743595236 -87.6490641274
41.874774129 -87.6473738294
41.8742483507 -87.6471383479

41.8733749033 -87.6471772329
41.8729166332 -87.6471667421
41.8724750241 -87.6471534816
41.8720053007 -87.6471290227

41.8720053007 -87.6471290227
41.8715754307 -87.6471118128
41.8711414924 -87.6470977056
41.8706756167 -87.6470822727
41.8702337288 -87.6470674758

41.8688754392 -87.6470595585
41.8696577354 -87.6461625956
41.869689467 -87.6455497666
41.8697005523 -87.644957205
41.8697112508 -87.6443464
41.8697184756 -87.643752021
41.8697449622 -87.6425600445
41.8697785957 -87.641347844
41.8700850185 -87.6408648482
41.870543136 -87.6408751263
41.8710303333 -87.6408836155
41.871502271 -87.6408914122
41.871896756 -87.6409233578
41.8719921184 -87.6413309877

41.8661804826 -87.6469076303
41.8653377639 -87.6469696716
41.8652786559 -87.6468743313

41.864852804 -87.646853265
41.8647832133 -87.646213286
41.8647708353 -87.6452518413
41.8646038019 -87.6450091642

41.8643788081 -87.6468356528
41.8639045486 -87.6473067718
41.8628386324 -87.64868895

41.8627918496 -87.6467881446
41.8627792823 -87.6465784641
41.8623701895 -87.6471324241

41.8696605927 -87.647351643
41.8696529624 -87.6479500582
41.8696496077 -87.6485539752
41.8696413433 -87.6497585921
41.8696049049 -87.6504431647
41.8695733279 -87.650960743

41.8695384732 -87.6516085565
41.869517667 -87.6521629619
41.8695022484 -87.6527898387
41.8694886763 -87.6533652014
41.8694758648 -87.6539833785
41.8694750401 -87.6545661282
41.8694702848 -87.6552539275
41.8694656642 -87.6557701493

41.8694034769 -87.6593803602
41.8693914438 -87.6599042533
41.8693763497 -87.6605837712
41.8693654778 -87.6611866445
41.8693626677 -87.6617870837
41.8693530218 -87.6624094791
41.869343149 -87.6629920147
41.8693328677 -87.6635913489
41.86932756 -87.66419581

41.86932756 -87.66419581
41.8693288991 -87.6647955331
41.8693209105 -87.6654019108

41.8692868535 -87.667203465
41.8698496141 -87.6679003805
41.870257087 -87.6677581089
41.8711517049 -87.6676863158
41.8713756247 -87.6681511636
41.8712037037 -87.6690711014

41.8792661694 -87.6413409862
41.8792938164 -87.64191266
41.8792976735 -87.6425772218

41.8792661694 -87.6413409862
41.8795628827 -87.6408727729
41.8797489142 -87.6408125127

41.8792976735 -87.6425772218
41.8792893815 -87.643154774
41.87927886 -87.6437551118

41.8742189082 -87.6671292982
41.8741414335 -87.6669425656
41.8742446716 -87.6663966216

41.8741592813 -87.6683347096
41.8738030679 -87.6682495061
41.8741555668 -87.6676877909

41.8741592813 -87.6683347096
41.8745120124 -87.6689939238
41.8741439389 -87.6690810859

41.8671373005 -87.6522561769
41.8671286481 -87.6528591534
41.8671218774 -87.6534421271
41.8671122679 -87.6540631832
41.8671017052 -87.6546432625
41.8670870516 -87.6552670574
41.8670758115 -87.6558487164

41.8677447339 -87.6567040646
41.8681992212 -87.656717602
41.8690975223 -87.6567336718

41.8699952993 -87.6567649382
41.8704498022 -87.6567774469
41.8708951772 -87.6567882763

41.8708951772 -87.6567882763
41.8713439146 -87.6568012615
41.8717951894 -87.6568027662

41.8717951894 -87.6568027662
41.872255397 -87.6567801921
41.8726942773 -87.6567606413
41.8731439861 -87.6567321309

41.8731439861 -87.6567321309
41.8735401049 -87.6565469203
41.8742288627 -87.6558947342

41.869611985 -87.645993229
41.8696393091 -87.6453878252
41.8696683229 -87.6441857558
41.8696954835 -87.6429820809

41.8696954835 -87.6429820809
41.8698436284 -87.6422443792
41.8702371801 -87.6422261996

41.8695384886 -87.6477520558
41.8695081401 -87.6486617523
41.8695029797 -87.6495459469
41.869498251 -87.6501372572
41.8695058957 -87.6507486506

41.8672078195 -87.6476681533
41.8672010447 -87.6482708884
41.867191302 -87.6488720026
41.8671817159 -87.649476314
41.8671755216 -87.6500391465

41.8670509347 -87.6572513829
41.8670414989 -87.6578461221
41.8670322996 -87.6584540678
41.8670235 -87.6590531641
41.8670134557 -87.6596592326
41.8670034552 -87.6602599584
41.8669930543 -87.6608657303
41.866987247 -87.6614107268
41.8669796185 -87.6620642732
41.8669698367 -87.6626587052
41.8669600297 -87.6632679909
41.8669490864 -87.6638683353

41.8669490864 -87.6638683353
41.8669407183 -87.6644721977
41.86692689 -87.6656655301

41.8669490864 -87.6638683353
41.8666167786 -87.6649888357
41.8665947855 -87.6661927214
41.8665937932 -87.6673967246
41.8666554065 -87.6685691131
41.8672116413 -87.6689353689

41.86692689 -87.6656655301
41.8669255604 -87.6668647222
41.8669326619 -87.6680669319
41.8669579892 -87.6687691153

41.8669579892 -87.6687691153
41.8669309053 -87.6694199079
41.8669455012 -87.67062341
41.8669107892 -87.6718265891
41.8668912207 -87.6730305023
41.8668752621 -87.6742343487
41.8668535277 -87.6754381398
41.8668264735 -87.6766418514
41.86681318 -87.677845572
41.8667990877 -87.679049286
41.8666374987 -87.6802316201
41.8665959268 -87.6814341066
41.8666067457 -87.6826378549
41.8665990466 -87.6838416296
41.8665968262 -87.6850456575
41.8668780995 -87.6860056433
41.867778014 -87.6860069791
41.8686779882 -87.6860242534
41.8692248591 -87.6860467331

41.8692567247 -87.671365647
41.8687534539 -87.6714894689
41.8692646942 -87.6723832856

41.869468241 -87.671414586
41.8700972882 -87.6709209766
41.869834263 -87.6720270671

41.869468241 -87.671414586
41.8706141159 -87.6705078066
41.8705978282 -87.6710494038
41.869834263 -87.6720270671

41.8687759116 -87.6689661596
41.8683167055 -87.6689507795
41.867879499 -87.6689387975
41.8674426991 -87.6689302629

41.8674426991 -87.6689302629
41.8669804337 -87.6689220744
41.8667891461 -87.6685511867

41.8674426991 -87.6689302629
41.8671750788 -87.667912141
41.867160801 -87.6667091777
41.867175686 -87.6655051762
41.8671920537 -87.6643012462
41.8672108915 -87.6630973401
41.8672028434 -87.6618933156
41.8668876713 -87.6613300707

41.8667927483 -87.6679593212
41.8667997834 -87.6673450794
41.8668040473 -87.6667459833

41.8668040473 -87.6667459833
41.8668057189 -87.6661451309
41.8668149173 -87.6655518314
41.8668230299 -87.6649416227

41.8668040473 -87.6667459833
41.8670920205 -87.666249667
41.8679936074 -87.6662844345

41.8668230299 -87.6649416227
41.86683268 -87.6643469615
41.8668436531 -87.6637378196
41.8668547009 -87.6631433319
41.8668637496 -87.6625338444

41.8668230299 -87.6649416227
41.8663338129 -87.6688058413
41.8663220973 -87.6700098473
41.8663351131 -87.6712107167

41.8668637496 -87.6625338444
41.8668703667 -87.6619422766
41.8668876713 -87.6613300707

41.8668876713 -87.6613300707
41.8668939817 -87.6607430118
41.8669074508 -87.6601256272

41.8668876713 -87.6613300707
41.8677408221 -87.6615892483
41.8686402193 -87.6616430987
41.8695400004 -87.6616681963
41.870402527 -87.6619137941
41.8713023011 -87.6619498098
41.8722024245 -87.6619658439
41.8731004265 -87.6620503134
41.8732696415 -87.6630151535
41.873068267 -87.664167466
41.8726320637 -87.6642492766
41.8717807788 -87.6645208266
41.8717476575 -87.6656837311
41.8716846881 -87.6664969036

41.8668876713 -87.6613300707
41.8672166661 -87.6606892628
41.8669074508 -87.6601256272

41.8669074508 -87.6601256272
41.8669144446 -87.659537429
41.8669265304 -87.6589231409

41.8669265304 -87.6589231409
41.8669355042 -87.6583344958
41.8669457622 -87.6577189851
41.8669565189 -87.6571246566

41.8669565189 -87.6571246566
41.8669691015 -87.6565156399
41.8669784006 -87.6559206017
41.8669866418 -87.6553115522
41.8669958074 -87.6547247402
41.8670082936 -87.6541073944
41.8670219744 -87.6535109186
41.8670335592 -87.6529047831
41.8670421098 -87.6523124784
41.86705588 -87.651702272

41.86705588 -87.651702272
41.867312937 -87.6518920888
41.8682128268 -87.6518653067
41.869105944 -87.6517724132
41.8692795272 -87.6521335809

41.8671505125 -87.6510483389
41.8670723852 -87.6502636005
41.8670859959 -87.6490592977
41.8670984319 -87.6478550248
41.8671130751 -87.6471813754

41.8675062822 -87.651003438
41.8679558367 -87.6510196236
41.8684059092 -87.6510357724

41.8684059092 -87.6510357724
41.8688559301 -87.6510518866
41.8693056158 -87.6510909315

41.8693056158 -87.6510909315
41.8694400028 -87.6510287613
41.8695058957 -87.6507486506

41.8691833798 -87.6763399943
41.8691733805 -87.6764898488
41.8691668946 -87.6769665662

41.8691565756 -87.6775545485
41.869135783 -87.6776885445
41.8691467166 -87.6781725355

41.8690992405 -87.6811199035
41.8690812146 -87.6817468318
41.869064864 -87.6823252095
41.869050458 -87.6829468371
41.8690435276 -87.6835266344

41.8690435276 -87.6835266344
41.8690389089 -87.6841478937
41.8690299364 -87.6847384321

41.8701279859 -87.6860815181
41.8704540927 -87.6860917108
41.8709021812 -87.6861025396
41.8713171248 -87.686119582

41.8701279859 -87.6860815181
41.869561854 -87.685271582
41.8696222951 -87.6840737645
41.8697555486 -87.682884552
41.8698585144 -87.6816883694
41.8699467237 -87.680490711

41.8713171248 -87.686119582
41.8718023279 -87.6861458851
41.8722386383 -87.6861605104
41.8727019802 -87.6861703463
41.8731365764 -87.6861811153

41.8737201272 -87.6861802468
41.8743674047 -87.6862072895
41.8752655795 -87.6861587562
41.8758758723 -87.6861059482
41.8767721203 -87.6862172468

41.8738959991 -87.685933057
41.873909748 -87.6853872758
41.8739191693 -87.6848523398
41.8739261847 -87.684240478
41.873932632 -87.6836536591
41.8739419284 -87.6831051142
41.8739506388 -87.682461527
41.8739546113 -87.6818541245
41.8739672359 -87.6812539623
41.8739825379 -87.6806501336
41.8739933531 -87.6800499516
41.8740017538 -87.6794464012
41.8740092954 -87.6788460106
41.8740171186 -87.6782421998

41.8740171186 -87.6782421998
41.8733861535 -87.6770675092
41.8730235778 -87.6767974713
41.8729987481 -87.6764416069

41.8729987481 -87.6764416069
41.8725461287 -87.6764119096
41.8720991474 -87.6763750082

41.8714623097 -87.6751697157
41.8713822662 -87.6750086066
41.8714959861 -87.674632496

41.8664370246 -87.6510606263
41.8655378172 -87.6510288407
41.8646364025 -87.6509890671
41.8637398302 -87.650947307

41.8712809558 -87.6715017468
41.8710400498 -87.6728950237

41.8740887014 -87.6696012255
41.874088405 -87.6699914851
41.8734134223 -87.6695743605
41.8720668901 -87.6690039487

41.8740887014 -87.6696012255
41.8739788134 -87.6703549896
41.8741094218 -87.6706259844

41.8740780972 -87.6691605327
41.8732967013 -87.6676096596
41.8734811489 -87.6664315281
41.8736897947 -87.6652619253
41.874148886 -87.66376309

41.8740780972 -87.6691605327
41.8736758306 -87.6670697407
41.8741702188 -87.6667532526

41.8741640576 -87.6684883231
41.8741708576 -87.6679553833
41.8741648404 -87.6673770428

41.8741640576 -87.6684883231
41.8746720177 -87.6678087525
41.8741648404 -87.6673770428

41.8741702188 -87.6667532526
41.8749643536 -87.6664852313
41.8752198061 -87.6660701295
41.8753462673 -87.6654767378

41.8741827291 -87.6651069854
41.8741672285 -87.6643546192
41.874148886 -87.66376309

41.869287614 -87.6709907835
41.8701417395 -87.6712235275

41.869287614 -87.6709907835
41.8693943307 -87.6697917815
41.8692038069 -87.6685716038

41.8692038069 -87.6685716038
41.8692134989 -87.6679762823
41.8692180102 -87.6673771371
41.8692175306 -87.6667330281

41.8692175306 -87.6667330281
41.8692355303 -87.6660879138
41.8692554232 -87.6654961901
41.8692660279 -87.6648865951
41.8692777494 -87.6642951155
41.8693055991 -87.6636872425
41.8693218567 -87.6630915675
41.8693299593 -87.6624827356
41.8693293542 -87.6618833647
41.869343645 -87.661278637
41.8693581881 -87.6606851822
41.8693651488 -87.6600763404
41.869370743 -87.6594809134
41.8693756304 -87.6588746385
41.8693805215 -87.6582761108
41.8693908269 -87.6576668082

41.8695194319 -87.6663407419
41.8704067647 -87.6663710498
41.8713049802 -87.6664176415

41.8695194319 -87.6663407419
41.8688935337 -87.6663131903
41.8679936074 -87.6662844345

41.8713049802 -87.6664176415
41.8712554936 -87.6665518858
41.8712191405 -87.6670452856
41.8716363963 -87.6679609025

41.8669400798 -87.6510988308
41.8675595701 -87.6511475762
41.8684587252 -87.6512031522
41.8693598385 -87.6511830487

41.8686428949 -87.6715367277
41.8684736492 -87.6734253868
41.8697628008 -87.6736047437

41.8667833782 -87.6701638704
41.8667626279 -87.672894442
41.8667609224 -87.6740985289
41.8667323264 -87.6753010457
41.8667300001 -87.6765061977
41.8667897575 -87.6777065173
41.8668168117 -87.6789099737
41.8667782938 -87.6801129778
41.8667623947 -87.6813166957
41.8666656438 -87.6825129964
41.8666281879 -87.6837150375

41.8667940738 -87.6692827486
41.8669367584 -87.6696437175
41.8678348942 -87.6697168943
41.8687350656 -87.6697142284
41.869194098 -87.6698310301

41.870798171 -87.670921054
41.8707787395 -87.6700583597
41.8716232017 -87.6686915133

41.8720804691 -87.6664612617
41.8725641647 -87.6664676574
41.873024965 -87.6664871589

41.873924936 -87.6665419147
41.8755697061 -87.6667706188
41.8763698844 -87.6670259163
41.8763457116 -87.6682272739
41.8763290493 -87.6694311841
41.8762148553 -87.6706229729
41.8760690927 -87.6718107822
41.8759864909 -87.6729944648

41.8702371801 -87.6422261996
41.8706723433 -87.6422447452
41.8711316573 -87.6422585138

41.8719630009 -87.6422210746
41.8727813871 -87.6423620877
41.8736813957 -87.6423792586
41.8745770785 -87.6423933186

41.8623417745 -87.6496035688
41.8627896313 -87.6513306327
41.863387156 -87.6509196254

41.8642638694 -87.6509535625
41.8647090656 -87.6509687216
41.865166753 -87.6509794624

41.865166753 -87.6509794624
41.8656146023 -87.6509929358
41.8660657554 -87.6510069774

41.8635923579 -87.6505592531
41.8632487628 -87.6509477012
41.862377943 -87.6508743308
41.8623174693 -87.6496873651
41.8623036185 -87.6484833757
41.8623076426 -87.6472793435
41.8624173096 -87.6468120834
41.8633164243 -87.6468163034
41.8644274778 -87.6468316649

41.8745770785 -87.6423933186
41.8754788578 -87.6424641831
41.875935795 -87.6424689666
41.8763855301 -87.6424897757

41.8745770785 -87.6423933186
41.8743747659 -87.6429724411
41.8743401143 -87.6441747467
41.874328956 -87.645379926
41.8743054288 -87.6465835267

41.8763855301 -87.6424897757
41.8767778854 -87.6425392263
41.8771811504 -87.6425084561
41.8775529666 -87.6424822117

41.8775529666 -87.6424822117
41.8780189041 -87.6424984389
41.8784480933 -87.6425861155

41.8784480933 -87.6425861155
41.8792326132 -87.6431549818
41.8801274944 -87.6430368086
41.8810192211 -87.6429327481
41.8816521853 -87.6426084683

41.8794189512 -87.6422509566
41.8798432955 -87.6423536549
41.8807402027 -87.6425359541

41.8819013339 -87.6425866405
41.8824832931 -87.6425941817
41.8831223223 -87.6421180575

41.8819013339 -87.6425866405
41.8826058199 -87.6426061626
41.8831223223 -87.6421180575

41.8831223223 -87.6421180575
41.883217189 -87.6418265622
41.8835535142 -87.6415573464
41.8828212183 -87.6413417152

41.8828212183 -87.6413417152
41.8828413083 -87.641432946
41.882976939 -87.6415611365

41.8828212183 -87.6413417152
41.8829290251 -87.6416360946
41.882976939 -87.6415611365

41.8823052455 -87.6413905928
41.8820658667 -87.6416412867
41.8819111328 -87.6422575334

41.8823052455 -87.6413905928
41.8818568117 -87.6414186476
41.8819897741 -87.6415269926

41.8824039891 -87.6431545834
41.8818927878 -87.6436279288
41.8810078582 -87.6437781859

41.8805164438 -87.6440248737
41.8801082809 -87.643994616
41.8796644623 -87.6439687053

41.8787646929 -87.6439344452
41.8783125706 -87.6439373219
41.8778636393 -87.6439464659
41.8774111851 -87.6439372713
41.8769614363 -87.6439362103
41.876511099 -87.6439342185
41.8760635072 -87.6439340737
41.8756086256 -87.6439165028
41.8751643017 -87.6438903006

41.8751643017 -87.6438903006
41.8747117912 -87.643907998
41.8743727351 -87.644267101

41.8751643017 -87.6438903006
41.8767131156 -87.6432118572
41.8774934124 -87.6428432676
41.8776792181 -87.6416663501
41.8778245858 -87.6404813268

41.8743727351 -87.644267101
41.874370256 -87.6448451279
41.8743629004 -87.6454506094
41.8743412817 -87.6466551353

41.8743727351 -87.644267101
41.8743586876 -87.6435734539
41.8743826844 -87.6426268834
41.8743611092 -87.641409535

41.8692736527 -87.6735127215
41.8700019549 -87.6744348319
41.871144728 -87.6736718204

41.8743655769 -87.6473428046
41.8744664172 -87.6485384286
41.8744476387 -87.6497416217
41.8744412428 -87.6503457206
41.8744359886 -87.650942844
41.8744245036 -87.6520398343

41.8743477352 -87.6570423521
41.8743225625 -87.6582519452
41.8743004453 -87.6594590125
41.8742789758 -87.6606612638
41.8742616599 -87.6613023518

41.8743477352 -87.6570423521
41.8740551046 -87.6576818939
41.8740289574 -87.6588834515
41.8740117633 -87.6600871583
41.8742616599 -87.6613023518

41.8742616599 -87.6613023518
41.8742574035 -87.6618860483
41.8742382573 -87.6630440015
41.8742369791 -87.663692791

41.8742616599 -87.6613023518
41.873967375 -87.6624930909
41.8742369791 -87.663692791

41.8742369791 -87.663692791
41.8742446725 -87.6642508715
41.8742550462 -87.664875107
41.8742564938 -87.6654570664
41.8742446716 -87.6663966216

41.8702098517 -87.6762031387
41.8706621786 -87.6762177954
41.8711117311 -87.6762207628

41.8740704613 -87.6471124142
41.873173123 -87.6470214745
41.8722722587 -87.6469687647
41.8714192498 -87.6469356625
41.8705219789 -87.6469178107
41.8700734779 -87.646904442

41.8744245036 -87.6520398343
41.8743997619 -87.6532376795
41.8743776193 -87.6544417927
41.8743582781 -87.6556562493
41.8743466839 -87.6562721697

41.8744245036 -87.6520398343
41.87456256 -87.6518222074
41.8754622249 -87.6517861027
41.8763590775 -87.6518210106
41.8764796509 -87.6529152818
41.8764777256 -87.6541191462
41.8765103239 -87.6553217421
41.8765236845 -87.6565257672

41.8743466839 -87.6562721697
41.8735923046 -87.65688845
41.8726922258 -87.6568783697
41.8717918652 -87.6568596333
41.8708924856 -87.6568456421
41.8699929139 -87.6567964355
41.8693470474 -87.6557106816

41.8673719641 -87.6468778761
41.8669192256 -87.6469016235
41.866054549 -87.646866861
41.8651557738 -87.6468594828
41.8644274778 -87.6468316649

41.8673719641 -87.6468778761
41.8678202895 -87.6468806628
41.8682721173 -87.6468814432
41.8687201182 -87.6468759802
41.869172835 -87.6468832544
41.8696209536 -87.646895968

41.8646038019 -87.6450091642
41.8641672342 -87.6453040306
41.8641714229 -87.6465057282
41.8644274778 -87.6468316649

41.8646038019 -87.6450091642
41.8657676689 -87.6447951247
41.8666672604 -87.6448435696
41.8675661699 -87.6449111276
41.8684639046 -87.6450020605
41.8693606954 -87.645108683
41.8702551594 -87.6452456854
41.8711415468 -87.6454501065
41.8720193953 -87.6457122392
41.8729169696 -87.6458018857
41.8738122362 -87.645923739
41.8746162066 -87.6464240383
41.8751961396 -87.6492423188
41.8751883537 -87.650411192
41.8752169007 -87.6516491521
41.8752907697 -87.6528492244
41.8753448362 -87.6540511149
41.8754050772 -87.6552526582
41.8754574833 -87.6564547841
41.8754939137 -87.6576579443
41.8755125566 -87.6588617897
41.8754299411 -87.6600649988

41.8646038019 -87.6450091642
41.8639679061 -87.6447202101
41.8630678772 -87.6446891174
41.862167772 -87.6446629026

41.878292965 -87.6410048549
41.8775150581 -87.6414388077
41.8766452721 -87.6416812077
41.8757525995 -87.6415529346
41.8748666395 -87.6413484845
41.8743313926 -87.6410988838

41.878292965 -87.6410048549
41.877710392 -87.6410073873
41.8768208166 -87.6409294627
41.876134784 -87.6409444421
41.8752909056 -87.6409202822

41.8707608751 -87.6735202075
41.8710266681 -87.6733889476

41.8819111328 -87.6422575334
41.8818205854 -87.6431038331
41.8818466245 -87.6440001044
41.8816617253 -87.6441883066

41.8806662884 -87.6408064567
41.8811408846 -87.6409539521
41.8819215351 -87.6407803463

41.8697058708 -87.6690060619
41.8706051281 -87.6690478144

41.8693598385 -87.6511830487
41.86954892 -87.6513829575
41.8695607336 -87.6525809444
41.8693470474 -87.6557106816

41.8753462673 -87.6654767378
41.8753700065 -87.6648800073
41.8754126926 -87.6636760864
41.8754395838 -87.6624719756
41.875445037 -87.661864571
41.8754449727 -87.661268147
41.8754402874 -87.6606589527
41.8754299411 -87.6600649988

41.8753462673 -87.6654767378
41.8753850001 -87.6672843288
41.8753840001 -87.668488588
41.8753592875 -87.669692234
41.8753623893 -87.6708960718
41.8753574358 -87.6721002335
41.8753301049 -87.6733037678
41.8753055751 -87.6745074213
41.8752898869 -87.6757114575
41.8752776469 -87.6769154968
41.8752661208 -87.6781195453
41.87526 -87.6793234687
41.8752580001 -87.6805278581
41.8752526578 -87.6817319736
41.875248031 -87.6829360385
41.8752452788 -87.684140194
41.8752326035 -87.6853435684
41.8752124243 -87.6865480694

41.8693470474 -87.6557106816
41.8692922615 -87.6545379117
41.8693002976 -87.6533408775
41.8692795272 -87.6521335809
