41.869273101761 -87.669050889356
41.869237076973 -87.669002716029

41.867147639269 -87.651009978124
41.867075589693 -87.651154498107

41.869453225701 -87.656790777451
41.869489250489 -87.656766690787

41.874208497717 -87.656718517459
41.874226510111 -87.656549910812
41.874262534899 -87.656284957509
41.874244522505 -87.656236784182
41.874262534899 -87.656044090871
41.874244522505 -87.655971830879
41.874262534899 -87.655803224232
41.874244522505 -87.655730964241
41.874262534899 -87.655562357594
41.874244522505 -87.655514184266
41.874280547293 -87.655297404291
41.874262534899 -87.655249230963
41.874280547293 -87.655080624316
41.874262534899 -87.655008364325
41.874280547293 -87.654839757678
41.874262534899 -87.654767497686
41.874280547293 -87.654598891039
41.874262534899 -87.654550717711
41.874298559687 -87.654358024401
41.874262534899 -87.654285764409
41.874298559687 -87.654093071098
41.874280547293 -87.65404489777
41.874298559687 -87.653876291123
41.874280547293 -87.653804031132
41.874298559687 -87.653635424485
41.874280547293 -87.653587251157
41.874316572081 -87.653370471182
41.874298559687 -87.653322297854
41.874316572081 -87.653153691207
41.874298559687 -87.653081431216
41.874316572081 -87.652912824569
41.874298559687 -87.652840564577
41.874316572081 -87.65267195793
41.874298559687 -87.652599697939
41.874316572081 -87.652431091292
41.874298559687 -87.652382917964
41.874334584475 -87.652166137989
41.874316572081 -87.652117964661
41.874334584475 -87.651949358014
41.874316572081 -87.651877098023
41.874334584475 -87.651708491376
41.874316572081 -87.651660318048
41.874352596869 -87.651467624737
41.874316572081 -87.651395364745
41.874352596869 -87.651226758098
41.874316572081 -87.651154498107
41.874352596869 -87.65098589146
41.874334584475 -87.650937718132
41.874352596869 -87.650745024821
41.874334584475 -87.65067276483
41.874352596869 -87.650480071519
41.874334584475 -87.650431898191
41.874370609263 -87.650263291544
41.874334584475 -87.650191031552
41.874370609263 -87.650022424905
41.874334584475 -87.649950164914
41.874370609263 -87.649781558267
41.874316572081 -87.64961295162
41.874370609263 -87.649516604964
41.874370609263 -87.649275738326
41.874370609263 -87.649251651662
41.874370609263 -87.649034871687
41.874370609263 -87.649010785023
41.874370609263 -87.648794005048
41.874370609263 -87.648769918385
41.874370609263 -87.64855313841
41.874370609263 -87.648529051746
41.874370609263 -87.648312271771
41.874352596869 -87.648264098443
41.874370609263 -87.64811957846
41.874334584475 -87.648023231805
41.874334584475 -87.647854625158
41.874316572081 -87.647782365166
41.874316572081 -87.647637845183
41.874262534899 -87.6474933252
41.874262534899 -87.647421065208
41.874208497717 -87.647276545225
41.874064398565 -87.647228371897
41.874028373777 -87.647228371897
41.873884274625 -87.647156111906
41.873812225049 -87.647204285233
41.873722163079 -87.647156111906
41.873632101109 -87.647204285233
41.873542039139 -87.647156111906
41.873469989563 -87.647204285233
41.873343902805 -87.647132025242
41.873271853229 -87.64718019857
41.873181791259 -87.647132025242
41.873091729289 -87.64718019857
41.872983654925 -87.647132025242
41.872911605349 -87.647156111906
41.872821543379 -87.647132025242
41.872731481409 -87.647156111906
41.872623407045 -87.647132025242
41.872551357469 -87.647156111906
41.872461295499 -87.647107938578
41.872371233529 -87.647156111906
41.872263159165 -87.647107938578
41.872209121983 -87.647132025242
41.872101047619 -87.647083851914
41.872010985649 -87.647132025242
41.871902911285 -87.647083851914
41.871848874103 -87.647107938578
41.871740799739 -87.64705976525
41.871650737769 -87.647107938578
41.871560675799 -87.64705976525
41.871470613829 -87.647107938578
41.871380551859 -87.64705976525
41.871290489889 -87.647107938578
41.871200427919 -87.64705976525
41.871128378343 -87.647083851914
41.871020303979 -87.64705976525
41.870930242009 -87.647083851914
41.870840180039 -87.64705976525
41.870750118069 -87.647083851914
41.870642043705 -87.64705976525
41.870569994129 -87.647083851914
41.870479932159 -87.647035678586
41.870389870189 -87.647083851914
41.870299808219 -87.647035678586
41.870227758643 -87.64705976525
41.870119684279 -87.647035678586
41.870029622309 -87.64705976525
41.869921547945 -87.647035678586
41.869831485975 -87.64705976525
41.869687386823 -87.647011591923
41.869615337247 -87.647011591923
41.869561300065 -87.647107938578

41.874208497717 -87.656718517459
41.874226510111 -87.656766690787
41.874226510111 -87.656838950778
41.874280547293 -87.657007557425
41.874262534899 -87.6572243374
41.874244522505 -87.657272510728
41.874262534899 -87.657489290703
41.874244522505 -87.65753746403
41.874262534899 -87.657730157341
41.874244522505 -87.657778330669
41.874262534899 -87.657946937316
41.874244522505 -87.658019197308
41.874244522505 -87.658211890618
41.874244522505 -87.658260063946
41.874244522505 -87.658452757257
41.874244522505 -87.658500930585
41.874244522505 -87.658693623896
41.874226510111 -87.658765883887
41.874244522505 -87.65891040387
41.874226510111 -87.658982663862
41.874226510111 -87.659175357173
41.874226510111 -87.659223530501
41.874226510111 -87.659416223812
41.874226510111 -87.659464397139
41.874226510111 -87.65965709045
41.874226510111 -87.659705263778
41.874226510111 -87.659897957089
41.874226510111 -87.659946130416
41.874226510111 -87.660114737064
41.874208497717 -87.660186997055
41.874226510111 -87.660379690366
41.874208497717 -87.660451950358
41.874208497717 -87.660620557005
41.874208497717 -87.660668730332
41.874208497717 -87.660861423643
41.874208497717 -87.660909596971
41.874208497717 -87.661078203618
41.874190485323 -87.66115046361
41.874208497717 -87.66134315692
41.874190485323 -87.661415416912
41.874190485323 -87.661584023559
41.874190485323 -87.661632196887
41.874190485323 -87.661824890198
41.874190485323 -87.661873063525
41.874190485323 -87.662065756836
41.874190485323 -87.662113930164
41.874190485323 -87.662306623475
41.874172472929 -87.662378883467
41.874190485323 -87.66252340345
41.874172472929 -87.662595663441
41.874172472929 -87.662788356752
41.874172472929 -87.66283653008
41.874172472929 -87.663029223391
41.874172472929 -87.663077396719
41.874172472929 -87.663270090029
41.874172472929 -87.663318263357
41.874172472929 -87.663510956668
41.874172472929 -87.663559129996
41.874172472929 -87.663751823307
41.874172472929 -87.663799996634
41.874190485323 -87.664016776609
41.874172472929 -87.664016776609
41.874190485323 -87.664233556584
41.874190485323 -87.664281729912
41.874190485323 -87.664474423223
41.874190485323 -87.66452259655
41.874190485323 -87.664715289861
41.874190485323 -87.664763463189
41.874208497717 -87.664980243164
41.874190485323 -87.665004329828
41.874208497717 -87.665197023138
41.874190485323 -87.665221109802
41.874208497717 -87.665413803113
41.874190485323 -87.665486063105
41.874208497717 -87.665678756416
41.874190485323 -87.665726929743
41.874208497717 -87.665919623054
41.874190485323 -87.665967796382
41.874208497717 -87.666160489693
41.874190485323 -87.666232749684
41.874190485323 -87.666401356332
41.874154460535 -87.666521789651
41.874190485323 -87.666666309634
41.874190485323 -87.666762656289
41.874208497717 -87.666834916281
41.874172472929 -87.667051696256
41.874190485323 -87.667123956247
41.874154460535 -87.667292562894
41.874172472929 -87.667340736222
41.874136448141 -87.667509342869
41.874172472929 -87.667605689525
41.874136448141 -87.667774296172
41.874154460535 -87.667846556163
41.874136448141 -87.66801516281
41.874154460535 -87.668087422802
41.874118435747 -87.668231942785
41.874154460535 -87.668352376104
41.874136448141 -87.66844872276
41.874172472929 -87.668569156079
41.874136448141 -87.668785936054
41.874136448141 -87.668810022718
41.874118435747 -87.669002716029
41.874100423353 -87.669026802692
41.874028373777 -87.66907497602
41.873884274625 -87.669099062684
41.873866262231 -87.669099062684
41.873668125897 -87.669123149348
41.873650113503 -87.669099062684
41.873488001957 -87.669123149348
41.873469989563 -87.669099062684
41.873307878017 -87.669123149348
41.873271853229 -87.669099062684
41.873145766471 -87.669099062684
41.873109741683 -87.66907497602
41.872965642531 -87.669099062684
41.872911605349 -87.669050889356
41.872785518591 -87.66907497602
41.872731481409 -87.669026802692
41.872587382257 -87.669050889356
41.872551357469 -87.669026802692
41.872425270711 -87.669026802692
41.872389245923 -87.669002716029
41.872227134377 -87.669026802692
41.872209121983 -87.669026802692
41.872047010437 -87.669050889356
41.872028998043 -87.669026802692
41.871848874103 -87.669050889356
41.871794836921 -87.669002716029
41.871632725375 -87.669026802692
41.871578688193 -87.669050889356
41.871506638617 -87.669171322676

41.874208497717 -87.656718517459
41.873920299413 -87.656742604123
41.873740175473 -87.656742604123
41.873722163079 -87.656742604123
41.873560051533 -87.656742604123
41.873542039139 -87.656742604123
41.873379927593 -87.656742604123
41.873361915199 -87.656742604123
41.873199803653 -87.656742604123
41.873181791259 -87.656742604123
41.873019679713 -87.656742604123
41.873001667319 -87.656766690787
41.872839555773 -87.656766690787
41.872821543379 -87.656766690787
41.872659431833 -87.656766690787
41.872461295499 -87.656790777451
41.872299183953 -87.656790777451
41.872281171559 -87.656790777451
41.872119060013 -87.656790777451
41.871920923679 -87.656814864114
41.871758812133 -87.656814864114
41.871740799739 -87.656814864114
41.871578688193 -87.656814864114
41.871560675799 -87.656814864114
41.871398564253 -87.656814864114
41.871380551859 -87.656814864114
41.871218440313 -87.656814864114
41.871200427919 -87.656814864114
41.871056328767 -87.656814864114
41.871020303979 -87.656790777451
41.870858192433 -87.656814864114
41.870822167645 -87.656790777451
41.870678068493 -87.656790777451
41.870660056099 -87.656790777451
41.870497944553 -87.656790777451
41.870479932159 -87.656790777451
41.870317820613 -87.656790777451
41.870299808219 -87.656790777451
41.870155709067 -87.656790777451
41.870119684279 -87.656766690787
41.869957572733 -87.656790777451
41.869921547945 -87.656766690787
41.869777448793 -87.656766690787
41.869741424005 -87.656742604123
41.869507262883 -87.656766690787
41.869489250489 -87.656766690787

41.869273101761 -87.669050889356
41.869489250489 -87.669002716029
41.869543287671 -87.669026802692
41.869687386823 -87.669002716029
41.869741424005 -87.669026802692
41.869867510763 -87.669002716029
41.869921547945 -87.669026802692
41.870047634703 -87.669002716029
41.870119684279 -87.669026802692
41.870227758643 -87.669002716029
41.870281795825 -87.669050889356
41.870407882583 -87.669002716029
41.870479932159 -87.669050889356
41.870569994129 -87.669026802692
41.870660056099 -87.66907497602
41.870768130463 -87.669050889356
41.870822167645 -87.66907497602
41.870948254403 -87.669050889356
41.871038316373 -87.669099062684
41.871128378343 -87.66907497602
41.871218440313 -87.669123149348
41.871308502283 -87.669099062684
41.871506638617 -87.669171322676

41.869273101761 -87.669050889356
41.869255089367 -87.669219496003
41.869291114155 -87.669364015987
41.869255089367 -87.669532622634
41.869291114155 -87.669653055953
41.869273101761 -87.669797575936
41.869291114155 -87.669869835928
41.869255089367 -87.670014355911
41.869291114155 -87.670110702566
41.869255089367 -87.670255222549
41.869291114155 -87.670351569205
41.869255089367 -87.670496089188
41.869291114155 -87.670616522507
41.869273101761 -87.670736955827
41.869291114155 -87.670833302482
41.869273101761 -87.670977822465
41.869327138943 -87.671218689104
41.869309126549 -87.671315035759
41.869327138943 -87.671435469079
41.869291114155 -87.671531815734
41.869273101761 -87.671700422381
41.869291114155 -87.6718208557
41.869291114155 -87.67194128902
41.869291114155 -87.672013549011
41.869291114155 -87.672182155658
41.869291114155 -87.672206242322
41.869273101761 -87.672374848969
41.869291114155 -87.672495282289
41.869291114155 -87.672663888936
41.869291114155 -87.672687975599
41.869273101761 -87.67288066891
41.869309126549 -87.67300110223
41.869291114155 -87.673145622213
41.869309126549 -87.673266055532
41.869309126549 -87.673338315524
41.869345151337 -87.673603268826

41.869237076973 -87.669002716029
41.869237076973 -87.668689589398
41.869219064579 -87.66844872276
41.869237076973 -87.668400549432
41.869237076973 -87.668183769457
41.869237076973 -87.668159682793
41.869237076973 -87.667942902819
41.869237076973 -87.667918816155
41.869237076973 -87.66770203618
41.869237076973 -87.667677949516
41.869237076973 -87.667461169541
41.869237076973 -87.667437082878
41.869237076973 -87.667220302903
41.869255089367 -87.667172129575
41.869237076973 -87.666979436264
41.869255089367 -87.666931262936
41.869255089367 -87.666762656289
41.869273101761 -87.666714482962
41.869255089367 -87.666449529659
41.869273101761 -87.666401356332
41.869255089367 -87.666305009676
41.869273101761 -87.666112316365
41.869255089367 -87.666040056374
41.869273101761 -87.665823276399
41.869255089367 -87.665775103071
41.869291114155 -87.665630583088
41.869255089367 -87.665534236432
41.869273101761 -87.665341543122
41.869273101761 -87.665317456458
41.869291114155 -87.665124763147
41.869273101761 -87.665052503155
41.869291114155 -87.664883896508
41.869273101761 -87.664811636517
41.869291114155 -87.664618943206
41.869273101761 -87.664570769878
41.869309126549 -87.664402163231
41.869291114155 -87.664353989903
41.869309126549 -87.664161296592
41.869291114155 -87.664089036601
41.869309126549 -87.663920429954
41.869291114155 -87.663848169962
41.869309126549 -87.663655476651
41.869309126549 -87.663631389987
41.869327138943 -87.663438696676
41.869309126549 -87.663366436685
41.869327138943 -87.663197830038
41.869309126549 -87.663125570046
41.869327138943 -87.662932876735
41.869309126549 -87.662884703408
41.869345151337 -87.662716096761
41.869309126549 -87.662643836769
41.869345151337 -87.662475230122
41.869309126549 -87.66240297013
41.869345151337 -87.662234363483
41.869309126549 -87.662162103492
41.869345151337 -87.661993496845
41.869309126549 -87.661921236853
41.869345151337 -87.661728543542
41.869327138943 -87.661680370215
41.869345151337 -87.661511763568
41.869327138943 -87.66146359024
41.869363163731 -87.661270896929
41.869327138943 -87.661198636937
41.869363163731 -87.66103003029
41.869345151337 -87.660981856963
41.869363163731 -87.660789163652
41.869345151337 -87.66071690366
41.869363163731 -87.660524210349
41.869345151337 -87.660476037021
41.869381176125 -87.660307430374
41.869345151337 -87.660235170383
41.869381176125 -87.660066563736
41.869363163731 -87.660018390408
41.869381176125 -87.659825697097
41.869363163731 -87.659753437106
41.869381176125 -87.659584830459
41.869363163731 -87.659512570467
41.869381176125 -87.659319877156
41.869363163731 -87.659271703828
41.869399188519 -87.659103097181
41.869363163731 -87.65903083719
41.869399188519 -87.658862230543
41.869381176125 -87.658814057215
41.869399188519 -87.658621363904
41.869381176125 -87.658549103912
41.869399188519 -87.658380497265
41.869381176125 -87.658308237274
41.869399188519 -87.658139630627
41.869381176125 -87.658067370635
41.869399188519 -87.657874677324
41.869399188519 -87.65785059066
41.869417200913 -87.65765789735
41.869399188519 -87.657585637358
41.869417200913 -87.657417030711
41.869363163731 -87.657248424064
41.869417200913 -87.657152077408
41.869453225701 -87.656790777451

41.869237076973 -87.669002716029
41.868966891063 -87.668978629365
41.868786767123 -87.668978629365
41.868768754729 -87.668978629365
41.868606643183 -87.668978629365
41.868588630789 -87.668978629365
41.868426519243 -87.668978629365
41.868228382909 -87.668954542701
41.868066271363 -87.668954542701
41.868048258969 -87.668954542701
41.867886147423 -87.668954542701
41.867868135029 -87.668954542701
41.867706023483 -87.668954542701
41.867525899543 -87.668930456037
41.867507887149 -87.668954542701
41.867345775603 -87.668930456037
41.867327763209 -87.668954542701
41.867147639269 -87.668930456037
41.867129626875 -87.668906369373
41.867003540117 -87.668906369373
41.866877453359 -87.668810022718
41.866859440965 -87.668641416071
41.866877453359 -87.668593242743
41.866841428571 -87.668424636096
41.866859440965 -87.668352376104
41.866841428571 -87.668207856121
41.866877453359 -87.668087422802
41.866841428571 -87.667942902819
41.866877453359 -87.667846556163
41.866841428571 -87.66770203618
41.866877453359 -87.667605689525
41.866841428571 -87.667461169541
41.866877453359 -87.667364822886
41.866841428571 -87.667220302903
41.866877453359 -87.667123956247
41.866841428571 -87.666979436264
41.866877453359 -87.666883089609
41.866859440965 -87.666762656289
41.866877453359 -87.66664222297
41.866859440965 -87.666497702987
41.866895465753 -87.666353183004
41.866877453359 -87.666256836348
41.866895465753 -87.666208663021
41.866859440965 -87.66601596971
41.866877453359 -87.665919623054
41.866859440965 -87.665775103071
41.866877453359 -87.665678756416
41.866859440965 -87.665558323096
41.866895465753 -87.665437889777
41.866859440965 -87.665293369794
41.866895465753 -87.665197023138
41.866859440965 -87.665052503155
41.866895465753 -87.6649561565
41.866859440965 -87.664811636517
41.866895465753 -87.664691203197
41.866877453359 -87.664570769878
41.866895465753 -87.664474423223
41.866877453359 -87.664353989903
41.866913478147 -87.664233556584
41.866877453359 -87.664089036601
41.866913478147 -87.663992689945
41.866877453359 -87.663848169962
41.866913478147 -87.663727736643
41.866895465753 -87.663607303324
41.866913478147 -87.663510956668
41.866895465753 -87.663390523349
41.866931490541 -87.663270090029
41.866895465753 -87.663125570046
41.866931490541 -87.663029223391
41.866895465753 -87.662884703408
41.866931490541 -87.662764270088
41.866913478147 -87.662643836769
41.866931490541 -87.662547490114
41.866913478147 -87.66240297013
41.866931490541 -87.662306623475
41.866913478147 -87.662162103492
41.866931490541 -87.662065756836
41.866913478147 -87.661945323517
41.866949502935 -87.661824890198
41.866913478147 -87.661680370215
41.866949502935 -87.661559936895
41.866931490541 -87.661439503576
41.866949502935 -87.66134315692
41.866931490541 -87.661198636937
41.866949502935 -87.661102290282
41.866931490541 -87.660981856963
41.866967515329 -87.660861423643
41.866931490541 -87.66071690366
41.866967515329 -87.660620557005
41.866931490541 -87.660476037021
41.866967515329 -87.660379690366
41.866931490541 -87.660235170383
41.866967515329 -87.660114737064
41.866949502935 -87.659994303744
41.866967515329 -87.659897957089
41.866949502935 -87.659777523769
41.866985527723 -87.65965709045
41.866949502935 -87.659512570467
41.866985527723 -87.659416223812
41.866949502935 -87.659271703828
41.866985527723 -87.659175357173
41.866949502935 -87.65903083719
41.866985527723 -87.65891040387
41.866967515329 -87.658789970551
41.866985527723 -87.658693623896
41.866967515329 -87.658573190576
41.867003540117 -87.658452757257
41.866967515329 -87.658308237274
41.867003540117 -87.658211890618
41.866967515329 -87.658067370635
41.867003540117 -87.657946937316
41.866985527723 -87.657826503997
41.867003540117 -87.657730157341
41.866985527723 -87.657585637358
41.867003540117 -87.657489290703
41.866985527723 -87.657344770719
41.867003540117 -87.657248424064
41.866985527723 -87.657127990745
41.867021552511 -87.656983470761
41.867003540117 -87.656863037442
41.867057577299 -87.656622170804

41.871506638617 -87.669171322676
41.871524651011 -87.669315842659
41.871524651011 -87.669339929323
41.871578688193 -87.669628969289
41.871542663405 -87.669749402608
41.871560675799 -87.669845749264
41.871542663405 -87.669990269247
41.871560675799 -87.670110702566
41.871542663405 -87.670231135886
41.871560675799 -87.670351569205
41.871542663405 -87.670472002524
41.871560675799 -87.670592435844
41.871524651011 -87.670785129154
41.871542663405 -87.670833302482
41.871542663405 -87.671050082457
41.871542663405 -87.671074169121
41.871542663405 -87.671363209087
41.871524651011 -87.671387295751
41.871524651011 -87.67150772907
41.871542663405 -87.671579989062
41.871524651011 -87.671579989062
41.871560675799 -87.671869029028
41.871542663405 -87.67194128902
41.871560675799 -87.672109895667
41.871542663405 -87.672206242322
41.871560675799 -87.672374848969
41.871542663405 -87.672423022297
41.871560675799 -87.672591628944
41.871542663405 -87.672663888936
41.871560675799 -87.672808408919
41.871542663405 -87.672904755574
41.871542663405 -87.673049275557
41.871506638617 -87.673193795541
41.871524651011 -87.673290142196
41.871470613829 -87.673531008835
41.871416576647 -87.673579182162
41.871416576647 -87.673651442154

41.871416576647 -87.673651442154
41.871434589041 -87.673747788809
41.871452601435 -87.673771875473
41.871506638617 -87.674012742112
41.871488626223 -87.674181348759
41.871506638617 -87.674277695414
41.871488626223 -87.674422215398
41.871506638617 -87.674494475389
41.871470613829 -87.6746871687
41.871488626223 -87.674735342028
41.871452601435 -87.674928035339
41.871470613829 -87.674976208666
41.871452601435 -87.675192988641
41.871452601435 -87.675217075305
41.871434589041 -87.675409768616
41.871452601435 -87.675482028607
41.871434589041 -87.675650635255
41.871452601435 -87.675722895246
41.871434589041 -87.675891501893
41.871452601435 -87.675963761885
41.871434589041 -87.676156455196

41.871416576647 -87.673651442154
41.871146390737 -87.673675528818
41.871128378343 -87.673699615482
41.870966266797 -87.673723702146
41.870930242009 -87.673699615482
41.870768130463 -87.673723702146
41.870732105675 -87.673699615482
41.870606018917 -87.673723702146
41.870551981735 -87.673675528818
41.870407882583 -87.673723702146
41.870371857795 -87.673675528818
41.870227758643 -87.673723702146
41.870173721461 -87.673675528818
41.870047634703 -87.673699615482
41.869993597521 -87.673651442154
41.869867510763 -87.673675528818
41.869849498369 -87.673651442154
41.869687386823 -87.673699615482
41.869561300065 -87.673603268826
41.869345151337 -87.673603268826

41.869237076973 -87.676156455196
41.869201052185 -87.676300975179
41.869201052185 -87.676445495162
41.869165027397 -87.676517755154
41.869165027397 -87.676734535128
41.869165027397 -87.676758621792
41.869165027397 -87.676975401767
41.869147015003 -87.677023575095
41.869165027397 -87.677216268406
41.869147015003 -87.677240355069
41.869165027397 -87.67743304838
41.869147015003 -87.677481221708
41.869147015003 -87.677698001683
41.869147015003 -87.677722088347
41.869147015003 -87.677938868321
41.869129002609 -87.677987041649
41.869147015003 -87.67817973496
41.869129002609 -87.678203821624
41.869147015003 -87.678396514935
41.869129002609 -87.678444688263
41.869129002609 -87.678661468237
41.869129002609 -87.678685554901
41.869129002609 -87.678902334876
41.869110990215 -87.678950508204
41.869129002609 -87.679119114851
41.869110990215 -87.679167288178
41.869110990215 -87.679384068153
41.869110990215 -87.679408154817
41.869110990215 -87.679624934792
41.869110990215 -87.679649021456
41.869110990215 -87.679841714767
41.869092977821 -87.679889888094
41.869110990215 -87.680106668069
41.869092977821 -87.680130754733
41.869110990215 -87.680323448044
41.869092977821 -87.680371621371
41.869092977821 -87.680588401346
41.869092977821 -87.68061248801
41.869092977821 -87.680829267985
41.869092977821 -87.680853354649
41.869092977821 -87.681070134623
41.869074965427 -87.681118307951
41.869092977821 -87.681286914598
41.869074965427 -87.681335087926
41.869074965427 -87.681551867901
41.869074965427 -87.681575954565
41.869074965427 -87.681792734539
41.869056953033 -87.681840907867
41.869074965427 -87.682009514514
41.869056953033 -87.682057687842
41.869056953033 -87.682274467817
41.869056953033 -87.68229855448
41.869056953033 -87.682515334455
41.869038940639 -87.682563507783
41.869056953033 -87.68273211443
41.869038940639 -87.682780287758
41.869038940639 -87.682997067732
41.869038940639 -87.683021154396
41.869038940639 -87.683237934371
41.869038940639 -87.683262021035
41.869038940639 -87.68347880101
41.869020928245 -87.683526974337
41.869038940639 -87.683695580984
41.869020928245 -87.683743754312
41.869020928245 -87.683984620951
41.869038940639 -87.684201400926
41.869020928245 -87.684225487589
41.869038940639 -87.684442267564
41.869020928245 -87.684466354228
41.869038940639 -87.684659047539
41.869002915851 -87.68473130753
41.869020928245 -87.684948087505
41.869020928245 -87.68516486748
41.869020928245 -87.685188954144
41.869020928245 -87.685405734119
41.869020928245 -87.685429820783
41.869020928245 -87.685670687421
41.869038940639 -87.685863380732
41.869092977821 -87.685959727387
41.869183039791 -87.686007900715
41.869201052185 -87.686007900715
41.869363163731 -87.686080160707
41.869435213307 -87.686031987379
41.869561300065 -87.686080160707
41.869597324853 -87.686056074043
41.869723411611 -87.686104247371
41.869795461187 -87.686056074043
41.869903535551 -87.686104247371
41.869957572733 -87.686056074043
41.870101671885 -87.686128334034
41.870155709067 -87.686080160707
41.870263783431 -87.686128334034
41.870335833007 -87.686080160707
41.870443907371 -87.686128334034
41.870515956947 -87.686080160707
41.870624031311 -87.686128334034
41.870678068493 -87.686080160707
41.870804155251 -87.686128334034
41.870876204827 -87.686104247371
41.870984279191 -87.686128334034
41.871056328767 -87.686104247371
41.871182415525 -87.686152420698
41.871218440313 -87.686104247371
41.871344527071 -87.686152420698
41.871416576647 -87.686128334034
41.871524651011 -87.686152420698
41.871596700587 -87.686128334034
41.871722787345 -87.686176507362
41.871758812133 -87.686128334034
41.871884898891 -87.686176507362
41.871956948467 -87.686152420698
41.872065022831 -87.686176507362
41.872137072407 -87.686152420698
41.872263159165 -87.686200594026
41.872317196347 -87.686152420698
41.872425270711 -87.686200594026
41.872497320287 -87.686152420698
41.872605394651 -87.686200594026
41.872659431833 -87.686152420698
41.872785518591 -87.686200594026
41.872857568167 -87.686176507362
41.872965642531 -87.686200594026
41.873037692107 -87.686176507362
41.873145766471 -87.686200594026
41.873217816047 -87.686176507362
41.873343902805 -87.68622468069
41.873397939987 -87.686176507362
41.873506014351 -87.68622468069
41.873578063927 -87.686176507362
41.873668125897 -87.68622468069
41.873812225049 -87.686128334034
41.873848249837 -87.686031987379
41.873902287019 -87.685863380732
41.873884274625 -87.685694774085
41.873902287019 -87.685622514093
41.873884274625 -87.68547799411
41.873920299413 -87.685357560791
41.873902287019 -87.685213040808
41.873920299413 -87.685140780816
41.873902287019 -87.684972174169
41.873920299413 -87.684899914178
41.873902287019 -87.68473130753
41.873920299413 -87.684659047539
41.873902287019 -87.684490440892
41.873920299413 -87.6844181809
41.873902287019 -87.684249574253
41.873920299413 -87.684177314262
41.873902287019 -87.684032794278
41.873938311807 -87.683936447623
41.873902287019 -87.683767840976
41.873938311807 -87.683695580984
41.873902287019 -87.683526974337
41.873938311807 -87.683454714346
41.873902287019 -87.683286107699
41.873938311807 -87.683189761043
41.873920299413 -87.683069327724
41.873956324201 -87.682972981069
41.873920299413 -87.682804374422
41.873956324201 -87.68273211443
41.873920299413 -87.682563507783
41.873956324201 -87.682491247791
41.873920299413 -87.682322641144
41.873956324201 -87.682250381153
41.873920299413 -87.682081774506
41.873956324201 -87.682009514514
41.873920299413 -87.681840907867
41.873956324201 -87.681744561212
41.873938311807 -87.681624127892
41.873974336595 -87.681527781237
41.873938311807 -87.68135917459
41.873974336595 -87.681286914598
41.873938311807 -87.681118307951
41.873974336595 -87.681021961296
41.873956324201 -87.680901527976
41.873992348989 -87.680805181321
41.873956324201 -87.680636574674
41.873992348989 -87.680564314682
41.873956324201 -87.680395708035
41.873992348989 -87.680323448044
41.873956324201 -87.680178928061
41.874010361383 -87.680058494741
41.873974336595 -87.679913974758
41.874010361383 -87.679841714767
41.873974336595 -87.679673108119
41.874010361383 -87.679600848128
41.873974336595 -87.679432241481
41.874010361383 -87.679359981489
41.873974336595 -87.679191374842
41.874010361383 -87.679119114851
41.873974336595 -87.678950508204
41.874010361383 -87.678854161548
41.873974336595 -87.678661468237
41.873992348989 -87.678637381573
41.874028373777 -87.678396514935
41.873992348989 -87.678348341607
41.874028373777 -87.678155648296
41.873992348989 -87.678107474968
41.874028373777 -87.677914781658
41.873992348989 -87.67786660833
41.874028373777 -87.677673915019
41.873992348989 -87.677625741691
41.874028373777 -87.67743304838
41.873992348989 -87.677384875053
41.874028373777 -87.677192181742
41.873992348989 -87.677144008414
41.874010361383 -87.676975401767
41.873974336595 -87.676879055111
41.873992348989 -87.676758621792
41.873920299413 -87.676614101809
41.873830237443 -87.676590015145
41.873794212655 -87.676541841817
41.873614088715 -87.67649366849
41.873614088715 -87.676517755154
41.873433964775 -87.676469581826
41.873433964775 -87.67649366849
41.873271853229 -87.676445495162
41.873235828441 -87.67649366849
41.873073716895 -87.676445495162
41.873073716895 -87.676469581826
41.872911605349 -87.676421408498
41.872875580561 -87.676469581826
41.872713469015 -87.676421408498
41.872695456621 -87.676445495162
41.872551357469 -87.676421408498
41.872533345075 -87.676445495162
41.872353221135 -87.676397321834
41.872335208741 -87.676421408498
41.872173097195 -87.676397321834
41.871992973255 -87.67637323517
41.871830861709 -87.676349148507
41.871812849315 -87.67637323517
41.871632725375 -87.676325061843
41.871596700587 -87.676276888515
41.871488626223 -87.676252801851
41.871434589041 -87.676156455196

41.869237076973 -87.676156455196
41.869363163731 -87.676156455196
41.869435213307 -87.676228715187
41.869597324853 -87.676180541859
41.869633349641 -87.676228715187
41.869777448793 -87.676204628523
41.869813473581 -87.676228715187
41.869957572733 -87.676204628523
41.869993597521 -87.676228715187
41.870137696673 -87.676204628523
41.870173721461 -87.676228715187
41.870317820613 -87.676204628523
41.870353845401 -87.676228715187
41.870497944553 -87.676204628523
41.870533969341 -87.676252801851
41.870678068493 -87.676204628523
41.870714093281 -87.676252801851
41.870858192433 -87.676204628523
41.870894217221 -87.676252801851
41.871038316373 -87.676228715187
41.871074341161 -87.676252801851
41.871236452707 -87.676228715187
41.871254465101 -87.676204628523
41.871434589041 -87.676156455196

41.869237076973 -87.676156455196
41.869201052185 -87.676036021876
41.869201052185 -87.675795155238
41.869219064579 -87.675530201935
41.869219064579 -87.67531342196
41.869237076973 -87.67512072865
41.869219064579 -87.675096641986
41.869237076973 -87.674831688683
41.869237076973 -87.674614908708
41.869237076973 -87.674590822045
41.869237076973 -87.674349955406
41.869255089367 -87.674109088767
41.869255089367 -87.673868222129
41.869345151337 -87.67362735549
41.869345151337 -87.673603268826

41.867057577299 -87.656622170804
41.867003540117 -87.656381304165
41.867039564905 -87.656236784182
41.867003540117 -87.656140437526
41.867039564905 -87.655971830879
41.867021552511 -87.655923657552
41.867057577299 -87.655755050905
41.867021552511 -87.655658704249
41.867057577299 -87.655514184266
41.867021552511 -87.65541783761
41.867057577299 -87.655249230963
41.867039564905 -87.655176970972
41.867057577299 -87.655032450989
41.867039564905 -87.654936104333
41.867057577299 -87.65479158435
41.867039564905 -87.654719324358
41.867075589693 -87.654526631048
41.867057577299 -87.654454371056
41.867075589693 -87.654309851073
41.867057577299 -87.654213504417
41.867075589693 -87.654068984434
41.867057577299 -87.653972637779
41.867075589693 -87.653828117796
41.867057577299 -87.653755857804
41.867093602087 -87.653587251157
41.867057577299 -87.653490904501
41.867093602087 -87.653346384518
41.867057577299 -87.653250037863
41.867093602087 -87.65310551788
41.867057577299 -87.653009171224
41.867093602087 -87.652864651241
41.867057577299 -87.652768304586
41.867093602087 -87.652623784602
41.867075589693 -87.652551524611
41.867093602087 -87.6523588313
41.867075589693 -87.652286571308
41.867111614481 -87.652142051325
41.867075589693 -87.65204570467
41.867111614481 -87.651901184687
41.867093602087 -87.651828924695
41.867111614481 -87.651660318048
41.867093602087 -87.651563971393
41.867111614481 -87.651419451409
41.867075589693 -87.651226758098
41.867075589693 -87.651154498107

41.867057577299 -87.656622170804
41.867093602087 -87.656622170804
41.867237701239 -87.656718517459
41.867399812785 -87.656670344131
41.867435837573 -87.656718517459
41.867579936725 -87.656670344131
41.867615961513 -87.656742604123
41.867760060665 -87.656694430795
41.867796085453 -87.656742604123
41.867940184605 -87.656694430795
41.867976209393 -87.656742604123
41.868120308545 -87.656694430795
41.868174345727 -87.656742604123
41.868282420091 -87.656718517459
41.868336457273 -87.656766690787
41.868480556425 -87.656718517459
41.868516581213 -87.656766690787
41.868660680365 -87.656718517459
41.868696705153 -87.656766690787
41.868840804305 -87.656718517459
41.868876829093 -87.656766690787
41.869020928245 -87.656718517459
41.869056953033 -87.656766690787
41.869219064579 -87.656718517459
41.869291114155 -87.656790777451
41.869453225701 -87.656790777451

41.867147639269 -87.651009978124
41.867255713633 -87.651058151451
41.867453849967 -87.651009978124
41.867507887149 -87.651034064788
41.867633973907 -87.651009978124
41.867688011089 -87.651034064788
41.867796085453 -87.651009978124
41.867868135029 -87.651058151451
41.867994221787 -87.651009978124
41.868066271363 -87.651058151451
41.868174345727 -87.651034064788
41.868228382909 -87.651058151451
41.868336457273 -87.651034064788
41.868408506849 -87.651082238115
41.868534593607 -87.651034064788
41.868588630789 -87.651082238115
41.868714717547 -87.651034064788
41.868786767123 -87.651082238115
41.868876829093 -87.651058151451
41.868948878669 -87.651106324779
41.869074965427 -87.651058151451
41.869147015003 -87.651106324779
41.869273101761 -87.651082238115
41.869345151337 -87.651130411443
41.869435213307 -87.651106324779

41.867147639269 -87.651009978124
41.867147639269 -87.650961804796
41.867165651663 -87.650865458141
41.867147639269 -87.650600504838
41.867165651663 -87.65055233151
41.867147639269 -87.650383724863
41.867183664057 -87.650311464872
41.867147639269 -87.650118771561
41.867183664057 -87.650070598233
41.867147639269 -87.649877904922
41.867183664057 -87.649829731594
41.867147639269 -87.649637038284
41.867183664057 -87.649588864956
41.867147639269 -87.649396171645
41.867183664057 -87.649347998317
41.867165651663 -87.64917939167
41.867183664057 -87.649083045015
41.867165651663 -87.648914438368
41.867201676451 -87.64886626504
41.867165651663 -87.648673571729
41.867201676451 -87.648625398401
41.867165651663 -87.64843270509
41.867201676451 -87.648384531763
41.867165651663 -87.648191838452
41.867201676451 -87.64811957846
41.867183664057 -87.647950971813
41.867201676451 -87.647902798485
41.867183664057 -87.647710105175
41.867201676451 -87.647661931847
41.867183664057 -87.647396978544
41.867183664057 -87.647372891881
41.867255713633 -87.647083851914

41.867075589693 -87.651154498107
41.866841428571 -87.651058151451
41.866787391389 -87.651082238115
41.866643292237 -87.651034064788
41.866589255055 -87.651058151451
41.866481180691 -87.651034064788
41.866427143509 -87.651058151451
41.866301056751 -87.651009978124
41.866229007175 -87.651058151451
41.866120932811 -87.651009978124
41.866048883235 -87.651058151451
41.865922796477 -87.651009978124
41.865886771689 -87.651034064788
41.865760684932 -87.65098589146
41.865688635356 -87.651034064788
41.865580560992 -87.65098589146
41.865508511416 -87.651034064788
41.865400437052 -87.65098589146
41.865328387476 -87.651034064788
41.865202300718 -87.65098589146
41.865148263536 -87.651009978124
41.865040189172 -87.65098589146
41.86498615199 -87.651009978124
41.864860065232 -87.650961804796
41.864788015656 -87.651009978124
41.864679941292 -87.650961804796
41.864607891716 -87.651009978124
41.864481804958 -87.650961804796
41.864427767776 -87.65098589146
41.864319693412 -87.650961804796
41.86426565623 -87.65098589146
41.864139569472 -87.650937718132
41.864067519896 -87.65098589146
41.863959445532 -87.650937718132
41.863887395956 -87.65098589146
41.863761309198 -87.650937718132
41.86372528441 -87.650961804796
41.86354516047 -87.650889544804
41.863527148076 -87.650865458141
41.863347024136 -87.650961804796
41.86327497456 -87.650889544804
41.863166900196 -87.650937718132
41.86309485062 -87.650889544804
41.862986776256 -87.650937718132
41.86291472668 -87.650865458141
41.862806652316 -87.650937718132
41.86273460274 -87.650865458141
41.862626528376 -87.650913631468
41.862536466406 -87.650841371477
41.86246441683 -87.650889544804
41.862356342466 -87.650793198149
41.862320317678 -87.650648678166
41.862320317678 -87.650624591502
41.86228429289 -87.650407811527
41.862320317678 -87.650359638199
41.862302305284 -87.650166944889
41.862320317678 -87.650118771561
41.862302305284 -87.64992607825
41.862320317678 -87.649877904922
41.862302305284 -87.649685211611
41.862320317678 -87.649637038284
41.862302305284 -87.649444344973
41.862338330072 -87.649396171645
41.862302305284 -87.649203478334
41.862338330072 -87.649155305006
41.862320317678 -87.648962611695
41.862338330072 -87.648914438368
41.862320317678 -87.648721745057
41.862356342466 -87.648673571729
41.862320317678 -87.648480878418
41.862356342466 -87.64843270509
41.862320317678 -87.64824001178
41.862356342466 -87.648191838452
41.862320317678 -87.647999145141
41.86237435486 -87.647950971813
41.862338330072 -87.647758278502
41.86237435486 -87.647710105175
41.862338330072 -87.647517411864
41.86237435486 -87.647469238536
41.862338330072 -87.647276545225
41.86237435486 -87.647228371897
41.862338330072 -87.647035678586
41.862410379648 -87.646915245267
41.86246441683 -87.646915245267
41.862500441618 -87.646842985276
41.862680565558 -87.646794811948
41.862680565558 -87.646818898612
41.862842677104 -87.646770725284
41.862878701892 -87.646818898612
41.863022801044 -87.646794811948
41.863058825832 -87.646818898612
41.863202924984 -87.646794811948
41.863238949772 -87.646842985276
41.863383048924 -87.646794811948
41.863419073712 -87.646842985276
41.863563172864 -87.646818898612
41.863599197652 -87.646842985276
41.863743296804 -87.646818898612
41.863779321592 -87.646842985276
41.863923420744 -87.646818898612
41.863959445532 -87.646842985276
41.864103544684 -87.646818898612
41.864139569472 -87.646867071939
41.864283668624 -87.646818898612
41.864319693412 -87.646867071939
41.864463792564 -87.646842985276
41.864499817352 -87.646867071939
41.864661928898 -87.646842985276
41.864697953686 -87.646867071939
41.86480602805 -87.646842985276
41.864860065232 -87.646891158603
41.865004164384 -87.646842985276
41.865040189172 -87.646915245267
41.865184288324 -87.646867071939
41.865220313112 -87.646915245267
41.865364412264 -87.646867071939
41.865400437052 -87.646915245267
41.865544536204 -87.646867071939
41.865580560992 -87.646939331931
41.865724660144 -87.646891158603
41.865760684932 -87.646939331931
41.865904784083 -87.646891158603
41.865940808871 -87.646939331931
41.866084908023 -87.646891158603
41.866120932811 -87.646939331931
41.866265031963 -87.646891158603
41.866301056751 -87.646939331931
41.866445155903 -87.646891158603
41.866481180691 -87.646963418595
41.866625279843 -87.646915245267
41.866661304631 -87.646963418595
41.866805403783 -87.646915245267
41.866841428571 -87.646987505259
41.866985527723 -87.646939331931
41.867039564905 -87.647011591923
41.867165651663 -87.647011591923
41.867255713633 -87.647083851914

41.869561300065 -87.647107938578
41.869561300065 -87.647228371897
41.869579312459 -87.647348805217
41.869561300065 -87.647613758519
41.869543287671 -87.647637845183
41.869561300065 -87.647878711822
41.869543287671 -87.647902798485
41.869561300065 -87.64811957846
41.869543287671 -87.648143665124
41.869561300065 -87.648336358435
41.869543287671 -87.648384531763
41.869543287671 -87.648601311737
41.869525275277 -87.648649485065
41.869543287671 -87.648842178376
41.869525275277 -87.64886626504
41.869543287671 -87.649083045015
41.869525275277 -87.649107131679
41.869543287671 -87.649323911653
41.869525275277 -87.649347998317
41.869543287671 -87.649564778292
41.869525275277 -87.64961295162
41.869525275277 -87.649781558267
41.869507262883 -87.649829731594
41.869525275277 -87.650046511569
41.869507262883 -87.650070598233
41.869525275277 -87.650287378208
41.869507262883 -87.650311464872
41.869525275277 -87.650504158183
41.869507262883 -87.65055233151
41.869507262883 -87.650769111485
41.869489250489 -87.650817284813
41.869489250489 -87.65098589146
41.869435213307 -87.651106324779

41.869561300065 -87.647107938578
41.869327138943 -87.647035678586
41.869255089367 -87.647083851914
41.869147015003 -87.647035678586
41.869074965427 -87.647083851914
41.868966891063 -87.647035678586
41.868912853881 -87.64705976525
41.868786767123 -87.647035678586
41.868714717547 -87.64705976525
41.868606643183 -87.647035678586
41.868534593607 -87.64705976525
41.868408506849 -87.647035678586
41.868354469667 -87.64705976525
41.868246395303 -87.647011591923
41.868174345727 -87.64705976525
41.868066271363 -87.647011591923
41.867994221787 -87.64705976525
41.867886147423 -87.647011591923
41.867814097847 -87.64705976525
41.867706023483 -87.647011591923
41.867633973907 -87.64705976525
41.867525899543 -87.647011591923
41.867417825179 -87.647083851914
41.867345775603 -87.64705976525
41.867255713633 -87.647083851914

41.869435213307 -87.651106324779
41.869525275277 -87.651250844762
41.869489250489 -87.651419451409
41.869543287671 -87.651491711401
41.869507262883 -87.65173257804
41.869453225701 -87.651780751367
41.869525275277 -87.651973444678
41.869489250489 -87.652117964661
41.869525275277 -87.652214311317
41.869489250489 -87.6523588313
41.869525275277 -87.652455177955
41.869471238095 -87.652599697939
41.869507262883 -87.652696044594
41.869471238095 -87.652840564577
41.869507262883 -87.652936911233
41.869471238095 -87.653081431216
41.869507262883 -87.653177777871
41.869453225701 -87.653322297854
41.869489250489 -87.65341864451
41.869453225701 -87.653563164493
41.869489250489 -87.653659511149
41.869435213307 -87.653804031132
41.869489250489 -87.653900377787
41.869435213307 -87.65404489777
41.869489250489 -87.654141244426
41.869435213307 -87.654285764409
41.869489250489 -87.654382111064
41.869435213307 -87.654526631048
41.869489250489 -87.654622977703
41.869435213307 -87.654767497686
41.869471238095 -87.654863844342
41.869435213307 -87.655008364325
41.869471238095 -87.65510471098
41.869417200913 -87.655249230963
41.869471238095 -87.655345577619
41.869417200913 -87.655490097602
41.869471238095 -87.655586444257
41.869417200913 -87.655730964241
41.869471238095 -87.655827310896
41.869417200913 -87.655971830879
41.869471238095 -87.656068177535
41.869417200913 -87.656212697518
41.869453225701 -87.656309044173
41.869417200913 -87.65647765082
41.869489250489 -87.656694430795
41.869489250489 -87.656766690787
