41.8743525969 -87.6440103936
41.8743956265 -87.6424337876

41.8743956265 -87.6424337876
41.8719269278 -87.6422283819

41.8719269278 -87.6422283819
41.8697882562 -87.6422833798

41.8695327805 -87.6565034938
41.867070186 -87.6566197621

41.8695613001 -87.6470718086
41.8672953409 -87.6471103472

41.8692523875 -87.6510954858
41.8671611485 -87.6510701948

41.8672953409 -87.6471103472
41.8671611485 -87.6510701948

41.8692595925 -87.666335118
41.8669247359 -87.6662688797

41.8692404543 -87.6699812368
41.8692348254 -87.6707008258

41.8671611485 -87.6510701948
41.8635316512 -87.6507483368

41.8825168645 -87.6427803679
41.8821969945 -87.6423773178
41.8819417097 -87.64249188

41.8825168645 -87.6427803679
41.8823516008 -87.643278159
41.8822044996 -87.6432982312
41.8818295416 -87.6435900813

41.8825168645 -87.6427803679
41.8821722274 -87.6428355666
41.8819417097 -87.64249188

41.8818295416 -87.6435900813
41.8818251672 -87.6433469781
41.8818397486 -87.6431958629
41.8818487548 -87.6429871118
41.8818385478 -87.6429096331
41.881854759 -87.6427241658
41.8819417097 -87.64249188

41.8818295416 -87.6435900813
41.8818277404 -87.6440392976
41.8816656288 -87.6441814089
41.8816656288 -87.6441934523
41.8804227736 -87.6441061381

41.8818295416 -87.6435900813
41.8811342632 -87.6438170981
41.8806299162 -87.643820109
41.88062091 -87.643820109
41.8804227736 -87.6441061381

41.8819417097 -87.64249188
41.8811777932 -87.642635848
41.8805488604 -87.6426368516
41.8803957551 -87.6426639491
41.8800445134 -87.6426729816
41.8794681168 -87.6426368516
41.8792496092 -87.6424862622

41.8804227736 -87.6441061381
41.8800174948 -87.6440820514
41.8792771853 -87.644007985

41.8792771853 -87.644007985
41.8792879928 -87.6437719356
41.8792699804 -87.6431577257
41.8792496092 -87.6424862622

41.8792771853 -87.644007985
41.8792587227 -87.6466728732
41.879251968 -87.6469754619
41.8790695925 -87.6570798174
41.8788737078 -87.666642223
41.8788737078 -87.6666542663
41.8786395466 -87.6668108296
41.8786395466 -87.6668228729
41.8763339602 -87.6667777105
41.8753883095 -87.666750613
41.8748119129 -87.6667476021
41.8743976279 -87.6667415805
41.8742355163 -87.6666301796

41.8792771853 -87.644007985
41.8753342723 -87.6439736614
41.8743525969 -87.6440103936

41.879251968 -87.6409929368
41.8792933965 -87.6409923346
41.8793330238 -87.640809276
41.87934203 -87.640809276
41.8795656839 -87.640845406
41.8804587984 -87.6408544385
41.8809541393 -87.6409146551

41.8792496092 -87.6424862622
41.8793262692 -87.6420015658
41.8792099391 -87.6416964681
41.8792001824 -87.6412910093
41.879251968 -87.6409929368

41.879251968 -87.6409929368
41.8791619061 -87.6409778826
41.8790718441 -87.641011604
41.8785880827 -87.6407352955

41.8743956265 -87.6424337876
41.8749575131 -87.6424592125
41.876416517 -87.6424832991
41.8774041966 -87.6425114002
41.8775461943 -87.6425989151
41.8778857972 -87.6425703817

41.8743525969 -87.6440103936
41.8743323329 -87.6460481254
41.8743278298 -87.646361252
41.8743323329 -87.6466382486
41.8741976903 -87.6472765452

41.8743956265 -87.6424337876
41.8744156402 -87.6411826193
41.8744246464 -87.6411826193
41.8746101741 -87.6409802913
41.8751091174 -87.6409441613
41.8751841691 -87.6410019693
41.8753732992 -87.6409939404
41.8758242095 -87.6410236473
41.8760295508 -87.6410091953
41.8760817867 -87.6409923346
41.87637719 -87.6409778826
41.8764810614 -87.6410601787
41.8771193006 -87.6410453253
41.8772345799 -87.6410604655
41.8776893929 -87.6413012461
41.8781550132 -87.6411946626
41.8783308797 -87.6411519635

41.8742355163 -87.6666301796
41.8742197555 -87.6676779495
41.87419724 -87.6683644194
41.8741940878 -87.6685306174
41.8741832804 -87.6689135954
41.8739998542 -87.6691191349

41.8742355163 -87.6666301796
41.8742319138 -87.6660183784
41.8742287617 -87.6644382932
41.8742062462 -87.6639445166
41.8742062462 -87.6625354468
41.8742062462 -87.6617285435
41.8742841498 -87.6569088021
41.8742084977 -87.656624178

41.8742355163 -87.6666301796
41.8738932808 -87.6665368438
41.8735240267 -87.6665248005
41.8734699896 -87.666512155
41.8717453028 -87.6664495297
41.871659744 -87.6664350777

41.8719269278 -87.6422283819
41.8719659547 -87.6410621859
41.8719659547 -87.6410501426
41.871524651 -87.6408965901
41.8708762048 -87.6408725035
41.8707771367 -87.6408604601
41.8701557091 -87.6408484168
41.869786455 -87.6410501426
41.869786455 -87.6414957459
41.8697882562 -87.6422833798

41.8741976903 -87.6472765452
41.8742625349 -87.6474306999
41.8743015618 -87.6477321846
41.8743638546 -87.6483965751
41.8743638546 -87.648794005
41.8743495948 -87.6496711611
41.8743098174 -87.6518289247
41.8742332648 -87.6560922642
41.8742332648 -87.6562006542
41.8742084977 -87.656624178

41.8741976903 -87.6472765452
41.8738752684 -87.6471892311
41.8730196797 -87.6471832094
41.8724973203 -87.6471591227
41.8695613001 -87.6470718086

41.8742084977 -87.656624178
41.8735870701 -87.65672755
41.8695327805 -87.6565034938

41.8739998542 -87.6691191349
41.8740950196 -87.6700962506
41.8740674006 -87.6704338653
41.8740846625 -87.6710139525
41.873992349 -87.6714956857
41.873992349 -87.6715077291
41.8735870701 -87.6715528916
41.8715295635 -87.6714989703

41.8739998542 -87.6691191349
41.8735870701 -87.6691141168
41.8733619152 -87.6691020735
41.8732736545 -87.669082202
41.8724883141 -87.6690237919
41.8722631592 -87.6690298135
41.8720470104 -87.6690177702
41.8720019795 -87.6690117485
41.8716046561 -87.6691082959

41.8715295635 -87.6714989703
41.8715494181 -87.6702913525
41.8716046561 -87.6691082959

41.8715295635 -87.6714989703
41.8715314057 -87.6720255923
41.8714863747 -87.6736153122
41.8714863747 -87.6736996155

41.8715295635 -87.6714989703
41.8711283783 -87.6714986966
41.8708581924 -87.6715077291
41.8706960809 -87.6714737888
41.8704716764 -87.6714861515
41.8699665789 -87.6714806316
41.8696603682 -87.6714625666
41.8694694369 -87.6714475124
41.8692350756 -87.6716040757

41.8695327805 -87.6565034938
41.8694554773 -87.6555864443
41.8694509742 -87.6555382709
41.8694644834 -87.6550204077
41.8694509742 -87.6548277143
41.8694712381 -87.6540593498
41.8695036604 -87.6521926333
41.8695140175 -87.6518891414
41.8694307102 -87.651165036
41.8692523875 -87.6510954858

41.8695327805 -87.6565034938
41.8693541575 -87.6616382186
41.8692708502 -87.6654378898
41.8692595925 -87.666335118

41.8714526014 -87.6761584624
41.8716777564 -87.6763611918
41.8716867626 -87.6763611918
41.8730196797 -87.6764605493
41.8739202994 -87.6765779718
41.8739202994 -87.6765900151
41.8740261222 -87.6772885284
41.8738842746 -87.6859737779
41.8737131569 -87.6861765074
41.8737131569 -87.6861885507
41.8715336572 -87.6861373665
41.8710743412 -87.6861253232
41.8708131614 -87.6861132799
41.8696603682 -87.6860771499
41.8691560212 -87.686056074
41.869147015 -87.686056074
41.8690276829 -87.6858754241
41.8690141736 -87.6855020808
41.8690952294 -87.6812387413
41.8690983815 -87.6797718634
41.8691770357 -87.6762066357
41.8692118597 -87.6761597671

41.8714526014 -87.6761584624
41.87147962 -87.6748894967
41.871499884 -87.6746871687
41.8714863747 -87.6736996155

41.8714526014 -87.6761584624
41.8714060694 -87.6761805419
41.8692118597 -87.6761597671

41.8695613001 -87.6470718086
41.8696153372 -87.6469393319
41.8696446074 -87.6451930488
41.8696453579 -87.6451348394
41.8697882562 -87.6422833798

41.8695613001 -87.6470718086
41.8695005082 -87.6471922419
41.8694960051 -87.6489866984
41.869492853 -87.6500320596
41.8692523875 -87.6510954858

41.8716046561 -87.6691082959
41.8716813588 -87.6689569514
41.8716021043 -87.6686558681
41.8716034552 -87.6682921594
41.871614713 -87.6681091008
41.8716259707 -87.6680031195
41.8716021043 -87.6672467982
41.8715846923 -87.6670657468
41.871659744 -87.6664350777

41.8716046561 -87.6691082959
41.8711373845 -87.6690659435
41.8707501181 -87.6690418569
41.869831486 -87.6690177702
41.8692415801 -87.6690268027

41.871659744 -87.6664350777
41.8712544651 -87.6664043672
41.8694262071 -87.6663381288
41.8692595925 -87.666335118

41.8714863747 -87.6736996155
41.8710112978 -87.673744778
41.8708762048 -87.6737387563
41.8699440634 -87.6737357455
41.8697504302 -87.6737327346
41.8696348507 -87.6737237021
41.8694397164 -87.6736996155
41.8692215412 -87.6735731605

41.8692118597 -87.6761597671
41.8691807882 -87.6757831119
41.869171782 -87.6755422453
41.8691762851 -87.6752893353
41.8691852913 -87.675096642
41.8692215412 -87.6735731605

41.8692415801 -87.6690268027
41.8692460832 -87.669161688
41.8692404543 -87.6699812368

41.8692415801 -87.6690268027
41.8692406795 -87.6680247975
41.8692393285 -87.6677742962
41.8692483347 -87.6673648229
41.8692595925 -87.666335118

41.8692415801 -87.6690268027
41.8691199964 -87.6690057269
41.8688768291 -87.6689816402
41.8672827322 -87.6689455102
41.8669495029 -87.6687879433

41.8672953409 -87.6471103472
41.8670936021 -87.6469754619
41.8670936021 -87.6469634186
41.8647700033 -87.6468520178

41.8692350756 -87.6716040757
41.8692280708 -87.6717221004
41.8692483347 -87.6724711956
41.8692483347 -87.6725314123
41.8692348254 -87.6726518456
41.8692244683 -87.6733142289
41.8692215412 -87.6735731605

41.8692350756 -87.6716040757
41.8692348254 -87.6708935191
41.8692348254 -87.6707008258

41.8692350756 -87.6716040757
41.86913981 -87.6715029117
41.8690749654 -87.6715107399
41.8689293652 -87.6714595557
41.8688966427 -87.6714354691
41.868462544 -87.6714264366
41.8677150297 -87.6714499211
41.8674448438 -87.6714926749
41.8671746579 -87.6714264366
41.8668969668 -87.6713591946
41.8667981988 -87.6712861318
41.8667986491 -87.6696650993
41.866794146 -87.669219496
41.8669495029 -87.6687879433

41.867070186 -87.6566197621
41.8670683847 -87.6564969202
41.8671476393 -87.65189155
41.8671611485 -87.6510701948

41.867070186 -87.6566197621
41.8669877793 -87.6615960669
41.866929239 -87.6654017598
41.8669247359 -87.6662688797

41.8692404543 -87.6699812368
41.8690209282 -87.6698722446
41.8689038477 -87.6699661826
41.8689038477 -87.6699782259
41.8689038477 -87.6703636125
41.8689128539 -87.6703636125
41.8692348254 -87.6707008258

41.8669247359 -87.6662688797
41.8669337421 -87.6683885061
41.8669495029 -87.6687879433

41.8647700033 -87.6468520178
41.8647519909 -87.6451810055
41.8647519909 -87.6451689621
41.864481805 -87.645045518
41.8641755943 -87.6452171355
41.8641665881 -87.6452171355
41.8641665881 -87.6468399744

41.8647700033 -87.6468520178
41.8644277678 -87.6468580394
41.8641665881 -87.6468399744

41.8635316512 -87.6507483368
41.863842365 -87.6503596382
41.8638513712 -87.6503596382
41.863797334 -87.6499862949
41.863797334 -87.6499742516
41.8635631729 -87.6500224249
41.8635541667 -87.6500224249
41.8635316512 -87.6507483368

41.8635316512 -87.6507483368
41.8632569622 -87.6509286856
41.8627255965 -87.6509166423
41.8625814974 -87.6509106206
41.8623923673 -87.6508775015
41.8623833611 -87.6508775015
41.8623090599 -87.6506607215
41.8623000537 -87.6505643748
41.8623225692 -87.6498056449
41.8623315754 -87.649227565
41.8623495878 -87.6470356786
41.8624103796 -87.6468429853
41.8624193858 -87.6468429853
41.8628174598 -87.6468020379
41.8630408134 -87.6468219094
41.8634656057 -87.6468269275
41.8641665881 -87.6468399744
